Comando ejecutado correctamente. Generando simulación...
Se ha creado el parking.
ENTRADA: Coche 1 aparca en planta 0 - plaza 0. Plazas libres en la planta: 9 
Parking:
Planta 0:[1][0][0][0][0][0][0][0][0][0]
Planta 1:[0][0][0][0][0][0][0][0][0][0]
Planta 2:[0][0][0][0][0][0][0][0][0][0]
Planta 3:[0][0][0][0][0][0][0][0][0][0]
Planta 4:[0][0][0][0][0][0][0][0][0][0]
Planta 5:[0][0][0][0][0][0][0][0][0][0]
Planta 6:[0][0][0][0][0][0][0][0][0][0]
Planta 7:[0][0][0][0][0][0][0][0][0][0]
Planta 8:[0][0][0][0][0][0][0][0][0][0]
Planta 9:[0][0][0][0][0][0][0][0][0][0]
ENTRADA: Coche 2 aparca en planta 0 - plaza 1. Plazas libres en la planta: 8 
Parking:
Planta 0:[1][2][0][0][0][0][0][0][0][0]
Planta 1:[0][0][0][0][0][0][0][0][0][0]
Planta 2:[0][0][0][0][0][0][0][0][0][0]
Planta 3:[0][0][0][0][0][0][0][0][0][0]
Planta 4:[0][0][0][0][0][0][0][0][0][0]
Planta 5:[0][0][0][0][0][0][0][0][0][0]
Planta 6:[0][0][0][0][0][0][0][0][0][0]
Planta 7:[0][0][0][0][0][0][0][0][0][0]
Planta 8:[0][0][0][0][0][0][0][0][0][0]
Planta 9:[0][0][0][0][0][0][0][0][0][0]
ENTRADA: Coche 3 aparca en planta 0 - plaza 2. Plazas libres en la planta: 7 
Parking:
Planta 0:[1][2][3][0][0][0][0][0][0][0]
Planta 1:[0][0][0][0][0][0][0][0][0][0]
Planta 2:[0][0][0][0][0][0][0][0][0][0]
Planta 3:[0][0][0][0][0][0][0][0][0][0]
Planta 4:[0][0][0][0][0][0][0][0][0][0]
Planta 5:[0][0][0][0][0][0][0][0][0][0]
Planta 6:[0][0][0][0][0][0][0][0][0][0]
Planta 7:[0][0][0][0][0][0][0][0][0][0]
Planta 8:[0][0][0][0][0][0][0][0][0][0]
Planta 9:[0][0][0][0][0][0][0][0][0][0]
ENTRADA: Coche 5 aparca en planta 0 - plaza 3. Plazas libres en la planta: 6 
Parking:
Planta 0:[1][2][3][5][0][0][0][0][0][0]
Planta 1:[0][0][0][0][0][0][0][0][0][0]
Planta 2:[0][0][0][0][0][0][0][0][0][0]
Planta 3:[0][0][0][0][0][0][0][0][0][0]
Planta 4:[0][0][0][0][0][0][0][0][0][0]
Planta 5:[0][0][0][0][0][0][0][0][0][0]
Planta 6:[0][0][0][0][0][0][0][0][0][0]
Planta 7:[0][0][0][0][0][0][0][0][0][0]
Planta 8:[0][0][0][0][0][0][0][0][0][0]
Planta 9:[0][0][0][0][0][0][0][0][0][0]
ENTRADA: Camion 106 aparca en planta 0 - plaza 4 y plaza 5. Plazas libres en la planta: 4 
Parking:
Planta 0:[1][2][3][5][106][106][0][0][0][0]
Planta 1:[0][0][0][0][0][0][0][0][0][0]
Planta 2:[0][0][0][0][0][0][0][0][0][0]
Planta 3:[0][0][0][0][0][0][0][0][0][0]
Planta 4:[0][0][0][0][0][0][0][0][0][0]
Planta 5:[0][0][0][0][0][0][0][0][0][0]
Planta 6:[0][0][0][0][0][0][0][0][0][0]
Planta 7:[0][0][0][0][0][0][0][0][0][0]
Planta 8:[0][0][0][0][0][0][0][0][0][0]
Planta 9:[0][0][0][0][0][0][0][0][0][0]
ENTRADA: Camion 107 aparca en planta 0 - plaza 6 y plaza 7. Plazas libres en la planta: 2 
Parking:
Planta 0:[1][2][3][5][106][106][107][107][0][0]
Planta 1:[0][0][0][0][0][0][0][0][0][0]
Planta 2:[0][0][0][0][0][0][0][0][0][0]
Planta 3:[0][0][0][0][0][0][0][0][0][0]
Planta 4:[0][0][0][0][0][0][0][0][0][0]
Planta 5:[0][0][0][0][0][0][0][0][0][0]
Planta 6:[0][0][0][0][0][0][0][0][0][0]
Planta 7:[0][0][0][0][0][0][0][0][0][0]
Planta 8:[0][0][0][0][0][0][0][0][0][0]
Planta 9:[0][0][0][0][0][0][0][0][0][0]
ENTRADA: Camion 108 aparca en planta 0 - plaza 8 y plaza 9. Plazas libres en la planta: 0 
Parking:
Planta 0:[1][2][3][5][106][106][107][107][108][108]
Planta 1:[0][0][0][0][0][0][0][0][0][0]
Planta 2:[0][0][0][0][0][0][0][0][0][0]
Planta 3:[0][0][0][0][0][0][0][0][0][0]
Planta 4:[0][0][0][0][0][0][0][0][0][0]
Planta 5:[0][0][0][0][0][0][0][0][0][0]
Planta 6:[0][0][0][0][0][0][0][0][0][0]
Planta 7:[0][0][0][0][0][0][0][0][0][0]
Planta 8:[0][0][0][0][0][0][0][0][0][0]
Planta 9:[0][0][0][0][0][0][0][0][0][0]
ENTRADA: Camion 109 aparca en planta 1 - plaza 0 y plaza 1. Plazas libres en la planta: 8 
Parking:
Planta 0:[1][2][3][5][106][106][107][107][108][108]
Planta 1:[109][109][0][0][0][0][0][0][0][0]
Planta 2:[0][0][0][0][0][0][0][0][0][0]
Planta 3:[0][0][0][0][0][0][0][0][0][0]
Planta 4:[0][0][0][0][0][0][0][0][0][0]
Planta 5:[0][0][0][0][0][0][0][0][0][0]
Planta 6:[0][0][0][0][0][0][0][0][0][0]
Planta 7:[0][0][0][0][0][0][0][0][0][0]
Planta 8:[0][0][0][0][0][0][0][0][0][0]
Planta 9:[0][0][0][0][0][0][0][0][0][0]
ENTRADA: Camion 110 aparca en planta 1 - plaza 2 y plaza 3. Plazas libres en la planta: 6 
Parking:
Planta 0:[1][2][3][5][106][106][107][107][108][108]
Planta 1:[109][109][110][110][0][0][0][0][0][0]
Planta 2:[0][0][0][0][0][0][0][0][0][0]
Planta 3:[0][0][0][0][0][0][0][0][0][0]
Planta 4:[0][0][0][0][0][0][0][0][0][0]
Planta 5:[0][0][0][0][0][0][0][0][0][0]
Planta 6:[0][0][0][0][0][0][0][0][0][0]
Planta 7:[0][0][0][0][0][0][0][0][0][0]
Planta 8:[0][0][0][0][0][0][0][0][0][0]
Planta 9:[0][0][0][0][0][0][0][0][0][0]
ENTRADA: Camion 111 aparca en planta 1 - plaza 4 y plaza 5. Plazas libres en la planta: 4 
Parking:
Planta 0:[1][2][3][5][106][106][107][107][108][108]
Planta 1:[109][109][110][110][111][111][0][0][0][0]
Planta 2:[0][0][0][0][0][0][0][0][0][0]
Planta 3:[0][0][0][0][0][0][0][0][0][0]
Planta 4:[0][0][0][0][0][0][0][0][0][0]
Planta 5:[0][0][0][0][0][0][0][0][0][0]
Planta 6:[0][0][0][0][0][0][0][0][0][0]
Planta 7:[0][0][0][0][0][0][0][0][0][0]
Planta 8:[0][0][0][0][0][0][0][0][0][0]
Planta 9:[0][0][0][0][0][0][0][0][0][0]
ENTRADA: Camion 113 aparca en planta 1 - plaza 6 y plaza 7. Plazas libres en la planta: 2 
Parking:
Planta 0:[1][2][3][5][106][106][107][107][108][108]
Planta 1:[109][109][110][110][111][111][113][113][0][0]
Planta 2:[0][0][0][0][0][0][0][0][0][0]
Planta 3:[0][0][0][0][0][0][0][0][0][0]
Planta 4:[0][0][0][0][0][0][0][0][0][0]
Planta 5:[0][0][0][0][0][0][0][0][0][0]
Planta 6:[0][0][0][0][0][0][0][0][0][0]
Planta 7:[0][0][0][0][0][0][0][0][0][0]
Planta 8:[0][0][0][0][0][0][0][0][0][0]
Planta 9:[0][0][0][0][0][0][0][0][0][0]
ENTRADA: Camion 114 aparca en planta 1 - plaza 8 y plaza 9. Plazas libres en la planta: 0 
Parking:
Planta 0:[1][2][3][5][106][106][107][107][108][108]
Planta 1:[109][109][110][110][111][111][113][113][114][114]
Planta 2:[0][0][0][0][0][0][0][0][0][0]
Planta 3:[0][0][0][0][0][0][0][0][0][0]
Planta 4:[0][0][0][0][0][0][0][0][0][0]
Planta 5:[0][0][0][0][0][0][0][0][0][0]
Planta 6:[0][0][0][0][0][0][0][0][0][0]
Planta 7:[0][0][0][0][0][0][0][0][0][0]
Planta 8:[0][0][0][0][0][0][0][0][0][0]
Planta 9:[0][0][0][0][0][0][0][0][0][0]
ENTRADA: Camion 115 aparca en planta 2 - plaza 0 y plaza 1. Plazas libres en la planta: 8 
Parking:
Planta 0:[1][2][3][5][106][106][107][107][108][108]
Planta 1:[109][109][110][110][111][111][113][113][114][114]
Planta 2:[115][115][0][0][0][0][0][0][0][0]
Planta 3:[0][0][0][0][0][0][0][0][0][0]
Planta 4:[0][0][0][0][0][0][0][0][0][0]
Planta 5:[0][0][0][0][0][0][0][0][0][0]
Planta 6:[0][0][0][0][0][0][0][0][0][0]
Planta 7:[0][0][0][0][0][0][0][0][0][0]
Planta 8:[0][0][0][0][0][0][0][0][0][0]
Planta 9:[0][0][0][0][0][0][0][0][0][0]
ENTRADA: Camion 112 aparca en planta 2 - plaza 2 y plaza 3. Plazas libres en la planta: 6 
Parking:
Planta 0:[1][2][3][5][106][106][107][107][108][108]
Planta 1:[109][109][110][110][111][111][113][113][114][114]
Planta 2:[115][115][112][112][0][0][0][0][0][0]
Planta 3:[0][0][0][0][0][0][0][0][0][0]
Planta 4:[0][0][0][0][0][0][0][0][0][0]
Planta 5:[0][0][0][0][0][0][0][0][0][0]
Planta 6:[0][0][0][0][0][0][0][0][0][0]
Planta 7:[0][0][0][0][0][0][0][0][0][0]
Planta 8:[0][0][0][0][0][0][0][0][0][0]
Planta 9:[0][0][0][0][0][0][0][0][0][0]
ENTRADA: Coche 4 aparca en planta 2 - plaza 4. Plazas libres en la planta: 5 
Parking:
Planta 0:[1][2][3][5][106][106][107][107][108][108]
Planta 1:[109][109][110][110][111][111][113][113][114][114]
Planta 2:[115][115][112][112][4][0][0][0][0][0]
Planta 3:[0][0][0][0][0][0][0][0][0][0]
Planta 4:[0][0][0][0][0][0][0][0][0][0]
Planta 5:[0][0][0][0][0][0][0][0][0][0]
Planta 6:[0][0][0][0][0][0][0][0][0][0]
Planta 7:[0][0][0][0][0][0][0][0][0][0]
Planta 8:[0][0][0][0][0][0][0][0][0][0]
Planta 9:[0][0][0][0][0][0][0][0][0][0]
SALIDA: Coche 3 en planta 0 - plaza 2 saliendo... Plazas libres en la planta: 760 
Parking:
Planta 0:[1][2][0][5][106][106][107][107][108][108]
Planta 1:[109][109][110][110][111][111][113][113][114][114]
Planta 2:[115][115][112][112][4][0][0][0][0][0]
Planta 3:[0][0][0][0][0][0][0][0][0][0]
Planta 4:[0][0][0][0][0][0][0][0][0][0]
Planta 5:[0][0][0][0][0][0][0][0][0][0]
Planta 6:[0][0][0][0][0][0][0][0][0][0]
Planta 7:[0][0][0][0][0][0][0][0][0][0]
Planta 8:[0][0][0][0][0][0][0][0][0][0]
Planta 9:[0][0][0][0][0][0][0][0][0][0]
SALIDA: Camion 107 en planta 0 - plaza 6 y plaza 7 saliendo... Plazas libres en la planta: 780 
Parking:
Planta 0:[1][2][0][5][106][106][0][0][108][108]
Planta 1:[109][109][110][110][111][111][113][113][114][114]
Planta 2:[115][115][112][112][4][0][0][0][0][0]
Planta 3:[0][0][0][0][0][0][0][0][0][0]
Planta 4:[0][0][0][0][0][0][0][0][0][0]
Planta 5:[0][0][0][0][0][0][0][0][0][0]
Planta 6:[0][0][0][0][0][0][0][0][0][0]
Planta 7:[0][0][0][0][0][0][0][0][0][0]
Planta 8:[0][0][0][0][0][0][0][0][0][0]
Planta 9:[0][0][0][0][0][0][0][0][0][0]
SALIDA: Coche 2 en planta 0 - plaza 1 saliendo... Plazas libres en la planta: 790 
Parking:
Planta 0:[1][0][0][5][106][106][0][0][108][108]
Planta 1:[109][109][110][110][111][111][113][113][114][114]
Planta 2:[115][115][112][112][4][0][0][0][0][0]
Planta 3:[0][0][0][0][0][0][0][0][0][0]
Planta 4:[0][0][0][0][0][0][0][0][0][0]
Planta 5:[0][0][0][0][0][0][0][0][0][0]
Planta 6:[0][0][0][0][0][0][0][0][0][0]
Planta 7:[0][0][0][0][0][0][0][0][0][0]
Planta 8:[0][0][0][0][0][0][0][0][0][0]
Planta 9:[0][0][0][0][0][0][0][0][0][0]
SALIDA: Camion 106 en planta 0 - plaza 4 y plaza 5 saliendo... Plazas libres en la planta: 810 
Parking:
Planta 0:[1][0][0][5][0][0][0][0][108][108]
Planta 1:[109][109][110][110][111][111][113][113][114][114]
Planta 2:[115][115][112][112][4][0][0][0][0][0]
Planta 3:[0][0][0][0][0][0][0][0][0][0]
Planta 4:[0][0][0][0][0][0][0][0][0][0]
Planta 5:[0][0][0][0][0][0][0][0][0][0]
Planta 6:[0][0][0][0][0][0][0][0][0][0]
Planta 7:[0][0][0][0][0][0][0][0][0][0]
Planta 8:[0][0][0][0][0][0][0][0][0][0]
Planta 9:[0][0][0][0][0][0][0][0][0][0]
SALIDA: Camion 110 en planta 1 - plaza 2 y plaza 3 saliendo... Plazas libres en la planta: 830 
Parking:
Planta 0:[1][0][0][5][0][0][0][0][108][108]
Planta 1:[109][109][0][0][111][111][113][113][114][114]
Planta 2:[115][115][112][112][4][0][0][0][0][0]
Planta 3:[0][0][0][0][0][0][0][0][0][0]
Planta 4:[0][0][0][0][0][0][0][0][0][0]
Planta 5:[0][0][0][0][0][0][0][0][0][0]
Planta 6:[0][0][0][0][0][0][0][0][0][0]
Planta 7:[0][0][0][0][0][0][0][0][0][0]
Planta 8:[0][0][0][0][0][0][0][0][0][0]
Planta 9:[0][0][0][0][0][0][0][0][0][0]
SALIDA: Camion 114 en planta 1 - plaza 8 y plaza 9 saliendo... Plazas libres en la planta: 850 
Parking:
Planta 0:[1][0][0][5][0][0][0][0][108][108]
Planta 1:[109][109][0][0][111][111][113][113][0][0]
Planta 2:[115][115][112][112][4][0][0][0][0][0]
Planta 3:[0][0][0][0][0][0][0][0][0][0]
Planta 4:[0][0][0][0][0][0][0][0][0][0]
Planta 5:[0][0][0][0][0][0][0][0][0][0]
Planta 6:[0][0][0][0][0][0][0][0][0][0]
Planta 7:[0][0][0][0][0][0][0][0][0][0]
Planta 8:[0][0][0][0][0][0][0][0][0][0]
Planta 9:[0][0][0][0][0][0][0][0][0][0]
SALIDA: Camion 108 en planta 0 - plaza 8 y plaza 9 saliendo... Plazas libres en la planta: 870 
Parking:
Planta 0:[1][0][0][5][0][0][0][0][0][0]
Planta 1:[109][109][0][0][111][111][113][113][0][0]
Planta 2:[115][115][112][112][4][0][0][0][0][0]
Planta 3:[0][0][0][0][0][0][0][0][0][0]
Planta 4:[0][0][0][0][0][0][0][0][0][0]
Planta 5:[0][0][0][0][0][0][0][0][0][0]
Planta 6:[0][0][0][0][0][0][0][0][0][0]
Planta 7:[0][0][0][0][0][0][0][0][0][0]
Planta 8:[0][0][0][0][0][0][0][0][0][0]
Planta 9:[0][0][0][0][0][0][0][0][0][0]
SALIDA: Camion 115 en planta 2 - plaza 0 y plaza 1 saliendo... Plazas libres en la planta: 890 
Parking:
Planta 0:[1][0][0][5][0][0][0][0][0][0]
Planta 1:[109][109][0][0][111][111][113][113][0][0]
Planta 2:[0][0][112][112][4][0][0][0][0][0]
Planta 3:[0][0][0][0][0][0][0][0][0][0]
Planta 4:[0][0][0][0][0][0][0][0][0][0]
Planta 5:[0][0][0][0][0][0][0][0][0][0]
Planta 6:[0][0][0][0][0][0][0][0][0][0]
Planta 7:[0][0][0][0][0][0][0][0][0][0]
Planta 8:[0][0][0][0][0][0][0][0][0][0]
Planta 9:[0][0][0][0][0][0][0][0][0][0]
SALIDA: Camion 112 en planta 2 - plaza 2 y plaza 3 saliendo... Plazas libres en la planta: 910 
Parking:
Planta 0:[1][0][0][5][0][0][0][0][0][0]
Planta 1:[109][109][0][0][111][111][113][113][0][0]
Planta 2:[0][0][0][0][4][0][0][0][0][0]
Planta 3:[0][0][0][0][0][0][0][0][0][0]
Planta 4:[0][0][0][0][0][0][0][0][0][0]
Planta 5:[0][0][0][0][0][0][0][0][0][0]
Planta 6:[0][0][0][0][0][0][0][0][0][0]
Planta 7:[0][0][0][0][0][0][0][0][0][0]
Planta 8:[0][0][0][0][0][0][0][0][0][0]
Planta 9:[0][0][0][0][0][0][0][0][0][0]
SALIDA: Coche 4 en planta 2 - plaza 4 saliendo... Plazas libres en la planta: 920 
Parking:
Planta 0:[1][0][0][5][0][0][0][0][0][0]
Planta 1:[109][109][0][0][111][111][113][113][0][0]
Planta 2:[0][0][0][0][0][0][0][0][0][0]
Planta 3:[0][0][0][0][0][0][0][0][0][0]
Planta 4:[0][0][0][0][0][0][0][0][0][0]
Planta 5:[0][0][0][0][0][0][0][0][0][0]
Planta 6:[0][0][0][0][0][0][0][0][0][0]
Planta 7:[0][0][0][0][0][0][0][0][0][0]
Planta 8:[0][0][0][0][0][0][0][0][0][0]
Planta 9:[0][0][0][0][0][0][0][0][0][0]
SALIDA: Coche 1 en planta 0 - plaza 0 saliendo... Plazas libres en la planta: 930 
Parking:
Planta 0:[0][0][0][5][0][0][0][0][0][0]
Planta 1:[109][109][0][0][111][111][113][113][0][0]
Planta 2:[0][0][0][0][0][0][0][0][0][0]
Planta 3:[0][0][0][0][0][0][0][0][0][0]
Planta 4:[0][0][0][0][0][0][0][0][0][0]
Planta 5:[0][0][0][0][0][0][0][0][0][0]
Planta 6:[0][0][0][0][0][0][0][0][0][0]
Planta 7:[0][0][0][0][0][0][0][0][0][0]
Planta 8:[0][0][0][0][0][0][0][0][0][0]
Planta 9:[0][0][0][0][0][0][0][0][0][0]
SALIDA: Camion 109 en planta 1 - plaza 0 y plaza 1 saliendo... Plazas libres en la planta: 950 
Parking:
Planta 0:[0][0][0][5][0][0][0][0][0][0]
Planta 1:[0][0][0][0][111][111][113][113][0][0]
Planta 2:[0][0][0][0][0][0][0][0][0][0]
Planta 3:[0][0][0][0][0][0][0][0][0][0]
Planta 4:[0][0][0][0][0][0][0][0][0][0]
Planta 5:[0][0][0][0][0][0][0][0][0][0]
Planta 6:[0][0][0][0][0][0][0][0][0][0]
Planta 7:[0][0][0][0][0][0][0][0][0][0]
Planta 8:[0][0][0][0][0][0][0][0][0][0]
Planta 9:[0][0][0][0][0][0][0][0][0][0]
SALIDA: Coche 5 en planta 0 - plaza 3 saliendo... Plazas libres en la planta: 960 
Parking:
Planta 0:[0][0][0][0][0][0][0][0][0][0]
Planta 1:[0][0][0][0][111][111][113][113][0][0]
Planta 2:[0][0][0][0][0][0][0][0][0][0]
Planta 3:[0][0][0][0][0][0][0][0][0][0]
Planta 4:[0][0][0][0][0][0][0][0][0][0]
Planta 5:[0][0][0][0][0][0][0][0][0][0]
Planta 6:[0][0][0][0][0][0][0][0][0][0]
Planta 7:[0][0][0][0][0][0][0][0][0][0]
Planta 8:[0][0][0][0][0][0][0][0][0][0]
Planta 9:[0][0][0][0][0][0][0][0][0][0]
SALIDA: Camion 111 en planta 1 - plaza 4 y plaza 5 saliendo... Plazas libres en la planta: 980 
Parking:
Planta 0:[0][0][0][0][0][0][0][0][0][0]
Planta 1:[0][0][0][0][0][0][113][113][0][0]
Planta 2:[0][0][0][0][0][0][0][0][0][0]
Planta 3:[0][0][0][0][0][0][0][0][0][0]
Planta 4:[0][0][0][0][0][0][0][0][0][0]
Planta 5:[0][0][0][0][0][0][0][0][0][0]
Planta 6:[0][0][0][0][0][0][0][0][0][0]
Planta 7:[0][0][0][0][0][0][0][0][0][0]
Planta 8:[0][0][0][0][0][0][0][0][0][0]
Planta 9:[0][0][0][0][0][0][0][0][0][0]
SALIDA: Camion 113 en planta 1 - plaza 6 y plaza 7 saliendo... Plazas libres en la planta: 1000 
Parking:
Planta 0:[0][0][0][0][0][0][0][0][0][0]
Planta 1:[0][0][0][0][0][0][0][0][0][0]
Planta 2:[0][0][0][0][0][0][0][0][0][0]
Planta 3:[0][0][0][0][0][0][0][0][0][0]
Planta 4:[0][0][0][0][0][0][0][0][0][0]
Planta 5:[0][0][0][0][0][0][0][0][0][0]
Planta 6:[0][0][0][0][0][0][0][0][0][0]
Planta 7:[0][0][0][0][0][0][0][0][0][0]
Planta 8:[0][0][0][0][0][0][0][0][0][0]
Planta 9:[0][0][0][0][0][0][0][0][0][0]
ENTRADA: Coche 3 aparca en planta 0 - plaza 0. Plazas libres en la planta: 9 
Parking:
Planta 0:[3][0][0][0][0][0][0][0][0][0]
Planta 1:[0][0][0][0][0][0][0][0][0][0]
Planta 2:[0][0][0][0][0][0][0][0][0][0]
Planta 3:[0][0][0][0][0][0][0][0][0][0]
Planta 4:[0][0][0][0][0][0][0][0][0][0]
Planta 5:[0][0][0][0][0][0][0][0][0][0]
Planta 6:[0][0][0][0][0][0][0][0][0][0]
Planta 7:[0][0][0][0][0][0][0][0][0][0]
Planta 8:[0][0][0][0][0][0][0][0][0][0]
Planta 9:[0][0][0][0][0][0][0][0][0][0]
ENTRADA: Camion 107 aparca en planta 0 - plaza 1 y plaza 2. Plazas libres en la planta: 7 
Parking:
Planta 0:[3][107][107][0][0][0][0][0][0][0]
Planta 1:[0][0][0][0][0][0][0][0][0][0]
Planta 2:[0][0][0][0][0][0][0][0][0][0]
Planta 3:[0][0][0][0][0][0][0][0][0][0]
Planta 4:[0][0][0][0][0][0][0][0][0][0]
Planta 5:[0][0][0][0][0][0][0][0][0][0]
Planta 6:[0][0][0][0][0][0][0][0][0][0]
Planta 7:[0][0][0][0][0][0][0][0][0][0]
Planta 8:[0][0][0][0][0][0][0][0][0][0]
Planta 9:[0][0][0][0][0][0][0][0][0][0]
ENTRADA: Camion 110 aparca en planta 0 - plaza 3 y plaza 4. Plazas libres en la planta: 5 
Parking:
Planta 0:[3][107][107][110][110][0][0][0][0][0]
Planta 1:[0][0][0][0][0][0][0][0][0][0]
Planta 2:[0][0][0][0][0][0][0][0][0][0]
Planta 3:[0][0][0][0][0][0][0][0][0][0]
Planta 4:[0][0][0][0][0][0][0][0][0][0]
Planta 5:[0][0][0][0][0][0][0][0][0][0]
Planta 6:[0][0][0][0][0][0][0][0][0][0]
Planta 7:[0][0][0][0][0][0][0][0][0][0]
Planta 8:[0][0][0][0][0][0][0][0][0][0]
Planta 9:[0][0][0][0][0][0][0][0][0][0]
ENTRADA: Camion 112 aparca en planta 0 - plaza 5 y plaza 6. Plazas libres en la planta: 3 
Parking:
Planta 0:[3][107][107][110][110][112][112][0][0][0]
Planta 1:[0][0][0][0][0][0][0][0][0][0]
Planta 2:[0][0][0][0][0][0][0][0][0][0]
Planta 3:[0][0][0][0][0][0][0][0][0][0]
Planta 4:[0][0][0][0][0][0][0][0][0][0]
Planta 5:[0][0][0][0][0][0][0][0][0][0]
Planta 6:[0][0][0][0][0][0][0][0][0][0]
Planta 7:[0][0][0][0][0][0][0][0][0][0]
Planta 8:[0][0][0][0][0][0][0][0][0][0]
Planta 9:[0][0][0][0][0][0][0][0][0][0]
ENTRADA: Camion 106 aparca en planta 0 - plaza 7 y plaza 8. Plazas libres en la planta: 1 
Parking:
Planta 0:[3][107][107][110][110][112][112][106][106][0]
Planta 1:[0][0][0][0][0][0][0][0][0][0]
Planta 2:[0][0][0][0][0][0][0][0][0][0]
Planta 3:[0][0][0][0][0][0][0][0][0][0]
Planta 4:[0][0][0][0][0][0][0][0][0][0]
Planta 5:[0][0][0][0][0][0][0][0][0][0]
Planta 6:[0][0][0][0][0][0][0][0][0][0]
Planta 7:[0][0][0][0][0][0][0][0][0][0]
Planta 8:[0][0][0][0][0][0][0][0][0][0]
Planta 9:[0][0][0][0][0][0][0][0][0][0]
ENTRADA: Coche 2 aparca en planta 0 - plaza 9. Plazas libres en la planta: 0 
Parking:
Planta 0:[3][107][107][110][110][112][112][106][106][2]
Planta 1:[0][0][0][0][0][0][0][0][0][0]
Planta 2:[0][0][0][0][0][0][0][0][0][0]
Planta 3:[0][0][0][0][0][0][0][0][0][0]
Planta 4:[0][0][0][0][0][0][0][0][0][0]
Planta 5:[0][0][0][0][0][0][0][0][0][0]
Planta 6:[0][0][0][0][0][0][0][0][0][0]
Planta 7:[0][0][0][0][0][0][0][0][0][0]
Planta 8:[0][0][0][0][0][0][0][0][0][0]
Planta 9:[0][0][0][0][0][0][0][0][0][0]
ENTRADA: Camion 114 aparca en planta 1 - plaza 0 y plaza 1. Plazas libres en la planta: 8 
Parking:
Planta 0:[3][107][107][110][110][112][112][106][106][2]
Planta 1:[114][114][0][0][0][0][0][0][0][0]
Planta 2:[0][0][0][0][0][0][0][0][0][0]
Planta 3:[0][0][0][0][0][0][0][0][0][0]
Planta 4:[0][0][0][0][0][0][0][0][0][0]
Planta 5:[0][0][0][0][0][0][0][0][0][0]
Planta 6:[0][0][0][0][0][0][0][0][0][0]
Planta 7:[0][0][0][0][0][0][0][0][0][0]
Planta 8:[0][0][0][0][0][0][0][0][0][0]
Planta 9:[0][0][0][0][0][0][0][0][0][0]
ENTRADA: Camion 108 aparca en planta 1 - plaza 2 y plaza 3. Plazas libres en la planta: 6 
Parking:
Planta 0:[3][107][107][110][110][112][112][106][106][2]
Planta 1:[114][114][108][108][0][0][0][0][0][0]
Planta 2:[0][0][0][0][0][0][0][0][0][0]
Planta 3:[0][0][0][0][0][0][0][0][0][0]
Planta 4:[0][0][0][0][0][0][0][0][0][0]
Planta 5:[0][0][0][0][0][0][0][0][0][0]
Planta 6:[0][0][0][0][0][0][0][0][0][0]
Planta 7:[0][0][0][0][0][0][0][0][0][0]
Planta 8:[0][0][0][0][0][0][0][0][0][0]
Planta 9:[0][0][0][0][0][0][0][0][0][0]
ENTRADA: Camion 111 aparca en planta 1 - plaza 4 y plaza 5. Plazas libres en la planta: 4 
Parking:
Planta 0:[3][107][107][110][110][112][112][106][106][2]
Planta 1:[114][114][108][108][111][111][0][0][0][0]
Planta 2:[0][0][0][0][0][0][0][0][0][0]
Planta 3:[0][0][0][0][0][0][0][0][0][0]
Planta 4:[0][0][0][0][0][0][0][0][0][0]
Planta 5:[0][0][0][0][0][0][0][0][0][0]
Planta 6:[0][0][0][0][0][0][0][0][0][0]
Planta 7:[0][0][0][0][0][0][0][0][0][0]
Planta 8:[0][0][0][0][0][0][0][0][0][0]
Planta 9:[0][0][0][0][0][0][0][0][0][0]
ENTRADA: Camion 115 aparca en planta 1 - plaza 6 y plaza 7. Plazas libres en la planta: 2 
Parking:
Planta 0:[3][107][107][110][110][112][112][106][106][2]
Planta 1:[114][114][108][108][111][111][115][115][0][0]
Planta 2:[0][0][0][0][0][0][0][0][0][0]
Planta 3:[0][0][0][0][0][0][0][0][0][0]
Planta 4:[0][0][0][0][0][0][0][0][0][0]
Planta 5:[0][0][0][0][0][0][0][0][0][0]
Planta 6:[0][0][0][0][0][0][0][0][0][0]
Planta 7:[0][0][0][0][0][0][0][0][0][0]
Planta 8:[0][0][0][0][0][0][0][0][0][0]
Planta 9:[0][0][0][0][0][0][0][0][0][0]
ENTRADA: Coche 4 aparca en planta 1 - plaza 8. Plazas libres en la planta: 1 
Parking:
Planta 0:[3][107][107][110][110][112][112][106][106][2]
Planta 1:[114][114][108][108][111][111][115][115][4][0]
Planta 2:[0][0][0][0][0][0][0][0][0][0]
Planta 3:[0][0][0][0][0][0][0][0][0][0]
Planta 4:[0][0][0][0][0][0][0][0][0][0]
Planta 5:[0][0][0][0][0][0][0][0][0][0]
Planta 6:[0][0][0][0][0][0][0][0][0][0]
Planta 7:[0][0][0][0][0][0][0][0][0][0]
Planta 8:[0][0][0][0][0][0][0][0][0][0]
Planta 9:[0][0][0][0][0][0][0][0][0][0]
ENTRADA: Camion 109 aparca en planta 2 - plaza 0 y plaza 1. Plazas libres en la planta: 8 
Parking:
Planta 0:[3][107][107][110][110][112][112][106][106][2]
Planta 1:[114][114][108][108][111][111][115][115][4][0]
Planta 2:[109][109][0][0][0][0][0][0][0][0]
Planta 3:[0][0][0][0][0][0][0][0][0][0]
Planta 4:[0][0][0][0][0][0][0][0][0][0]
Planta 5:[0][0][0][0][0][0][0][0][0][0]
Planta 6:[0][0][0][0][0][0][0][0][0][0]
Planta 7:[0][0][0][0][0][0][0][0][0][0]
Planta 8:[0][0][0][0][0][0][0][0][0][0]
Planta 9:[0][0][0][0][0][0][0][0][0][0]
ENTRADA: Coche 5 aparca en planta 1 - plaza 9. Plazas libres en la planta: 0 
Parking:
Planta 0:[3][107][107][110][110][112][112][106][106][2]
Planta 1:[114][114][108][108][111][111][115][115][4][5]
Planta 2:[109][109][0][0][0][0][0][0][0][0]
Planta 3:[0][0][0][0][0][0][0][0][0][0]
Planta 4:[0][0][0][0][0][0][0][0][0][0]
Planta 5:[0][0][0][0][0][0][0][0][0][0]
Planta 6:[0][0][0][0][0][0][0][0][0][0]
Planta 7:[0][0][0][0][0][0][0][0][0][0]
Planta 8:[0][0][0][0][0][0][0][0][0][0]
Planta 9:[0][0][0][0][0][0][0][0][0][0]
ENTRADA: Coche 1 aparca en planta 2 - plaza 2. Plazas libres en la planta: 7 
Parking:
Planta 0:[3][107][107][110][110][112][112][106][106][2]
Planta 1:[114][114][108][108][111][111][115][115][4][5]
Planta 2:[109][109][1][0][0][0][0][0][0][0]
Planta 3:[0][0][0][0][0][0][0][0][0][0]
Planta 4:[0][0][0][0][0][0][0][0][0][0]
Planta 5:[0][0][0][0][0][0][0][0][0][0]
Planta 6:[0][0][0][0][0][0][0][0][0][0]
Planta 7:[0][0][0][0][0][0][0][0][0][0]
Planta 8:[0][0][0][0][0][0][0][0][0][0]
Planta 9:[0][0][0][0][0][0][0][0][0][0]
ENTRADA: Camion 113 aparca en planta 2 - plaza 3 y plaza 4. Plazas libres en la planta: 5 
Parking:
Planta 0:[3][107][107][110][110][112][112][106][106][2]
Planta 1:[114][114][108][108][111][111][115][115][4][5]
Planta 2:[109][109][1][113][113][0][0][0][0][0]
Planta 3:[0][0][0][0][0][0][0][0][0][0]
Planta 4:[0][0][0][0][0][0][0][0][0][0]
Planta 5:[0][0][0][0][0][0][0][0][0][0]
Planta 6:[0][0][0][0][0][0][0][0][0][0]
Planta 7:[0][0][0][0][0][0][0][0][0][0]
Planta 8:[0][0][0][0][0][0][0][0][0][0]
Planta 9:[0][0][0][0][0][0][0][0][0][0]
SALIDA: Coche 3 en planta 0 - plaza 0 saliendo... Plazas libres en la planta: 760 
Parking:
Planta 0:[0][107][107][110][110][112][112][106][106][2]
Planta 1:[114][114][108][108][111][111][115][115][4][5]
Planta 2:[109][109][1][113][113][0][0][0][0][0]
Planta 3:[0][0][0][0][0][0][0][0][0][0]
Planta 4:[0][0][0][0][0][0][0][0][0][0]
Planta 5:[0][0][0][0][0][0][0][0][0][0]
Planta 6:[0][0][0][0][0][0][0][0][0][0]
Planta 7:[0][0][0][0][0][0][0][0][0][0]
Planta 8:[0][0][0][0][0][0][0][0][0][0]
Planta 9:[0][0][0][0][0][0][0][0][0][0]
SALIDA: Camion 112 en planta 0 - plaza 5 y plaza 6 saliendo... Plazas libres en la planta: 780 
Parking:
Planta 0:[0][107][107][110][110][0][0][106][106][2]
Planta 1:[114][114][108][108][111][111][115][115][4][5]
Planta 2:[109][109][1][113][113][0][0][0][0][0]
Planta 3:[0][0][0][0][0][0][0][0][0][0]
Planta 4:[0][0][0][0][0][0][0][0][0][0]
Planta 5:[0][0][0][0][0][0][0][0][0][0]
Planta 6:[0][0][0][0][0][0][0][0][0][0]
Planta 7:[0][0][0][0][0][0][0][0][0][0]
Planta 8:[0][0][0][0][0][0][0][0][0][0]
Planta 9:[0][0][0][0][0][0][0][0][0][0]
SALIDA: Camion 106 en planta 0 - plaza 7 y plaza 8 saliendo... Plazas libres en la planta: 800 
Parking:
Planta 0:[0][107][107][110][110][0][0][0][0][2]
Planta 1:[114][114][108][108][111][111][115][115][4][5]
Planta 2:[109][109][1][113][113][0][0][0][0][0]
Planta 3:[0][0][0][0][0][0][0][0][0][0]
Planta 4:[0][0][0][0][0][0][0][0][0][0]
Planta 5:[0][0][0][0][0][0][0][0][0][0]
Planta 6:[0][0][0][0][0][0][0][0][0][0]
Planta 7:[0][0][0][0][0][0][0][0][0][0]
Planta 8:[0][0][0][0][0][0][0][0][0][0]
Planta 9:[0][0][0][0][0][0][0][0][0][0]
SALIDA: Camion 114 en planta 1 - plaza 0 y plaza 1 saliendo... Plazas libres en la planta: 820 
Parking:
Planta 0:[0][107][107][110][110][0][0][0][0][2]
Planta 1:[0][0][108][108][111][111][115][115][4][5]
Planta 2:[109][109][1][113][113][0][0][0][0][0]
Planta 3:[0][0][0][0][0][0][0][0][0][0]
Planta 4:[0][0][0][0][0][0][0][0][0][0]
Planta 5:[0][0][0][0][0][0][0][0][0][0]
Planta 6:[0][0][0][0][0][0][0][0][0][0]
Planta 7:[0][0][0][0][0][0][0][0][0][0]
Planta 8:[0][0][0][0][0][0][0][0][0][0]
Planta 9:[0][0][0][0][0][0][0][0][0][0]
SALIDA: Coche 5 en planta 1 - plaza 9 saliendo... Plazas libres en la planta: 830 
Parking:
Planta 0:[0][107][107][110][110][0][0][0][0][2]
Planta 1:[0][0][108][108][111][111][115][115][4][0]
Planta 2:[109][109][1][113][113][0][0][0][0][0]
Planta 3:[0][0][0][0][0][0][0][0][0][0]
Planta 4:[0][0][0][0][0][0][0][0][0][0]
Planta 5:[0][0][0][0][0][0][0][0][0][0]
Planta 6:[0][0][0][0][0][0][0][0][0][0]
Planta 7:[0][0][0][0][0][0][0][0][0][0]
Planta 8:[0][0][0][0][0][0][0][0][0][0]
Planta 9:[0][0][0][0][0][0][0][0][0][0]
SALIDA: Coche 4 en planta 1 - plaza 8 saliendo... Plazas libres en la planta: 840 
Parking:
Planta 0:[0][107][107][110][110][0][0][0][0][2]
Planta 1:[0][0][108][108][111][111][115][115][0][0]
Planta 2:[109][109][1][113][113][0][0][0][0][0]
Planta 3:[0][0][0][0][0][0][0][0][0][0]
Planta 4:[0][0][0][0][0][0][0][0][0][0]
Planta 5:[0][0][0][0][0][0][0][0][0][0]
Planta 6:[0][0][0][0][0][0][0][0][0][0]
Planta 7:[0][0][0][0][0][0][0][0][0][0]
Planta 8:[0][0][0][0][0][0][0][0][0][0]
Planta 9:[0][0][0][0][0][0][0][0][0][0]
SALIDA: Camion 108 en planta 1 - plaza 2 y plaza 3 saliendo... Plazas libres en la planta: 860 
Parking:
Planta 0:[0][107][107][110][110][0][0][0][0][2]
Planta 1:[0][0][0][0][111][111][115][115][0][0]
Planta 2:[109][109][1][113][113][0][0][0][0][0]
Planta 3:[0][0][0][0][0][0][0][0][0][0]
Planta 4:[0][0][0][0][0][0][0][0][0][0]
Planta 5:[0][0][0][0][0][0][0][0][0][0]
Planta 6:[0][0][0][0][0][0][0][0][0][0]
Planta 7:[0][0][0][0][0][0][0][0][0][0]
Planta 8:[0][0][0][0][0][0][0][0][0][0]
Planta 9:[0][0][0][0][0][0][0][0][0][0]
SALIDA: Camion 115 en planta 1 - plaza 6 y plaza 7 saliendo... Plazas libres en la planta: 880 
Parking:
Planta 0:[0][107][107][110][110][0][0][0][0][2]
Planta 1:[0][0][0][0][111][111][0][0][0][0]
Planta 2:[109][109][1][113][113][0][0][0][0][0]
Planta 3:[0][0][0][0][0][0][0][0][0][0]
Planta 4:[0][0][0][0][0][0][0][0][0][0]
Planta 5:[0][0][0][0][0][0][0][0][0][0]
Planta 6:[0][0][0][0][0][0][0][0][0][0]
Planta 7:[0][0][0][0][0][0][0][0][0][0]
Planta 8:[0][0][0][0][0][0][0][0][0][0]
Planta 9:[0][0][0][0][0][0][0][0][0][0]
SALIDA: Coche 2 en planta 0 - plaza 9 saliendo... Plazas libres en la planta: 890 
Parking:
Planta 0:[0][107][107][110][110][0][0][0][0][0]
Planta 1:[0][0][0][0][111][111][0][0][0][0]
Planta 2:[109][109][1][113][113][0][0][0][0][0]
Planta 3:[0][0][0][0][0][0][0][0][0][0]
Planta 4:[0][0][0][0][0][0][0][0][0][0]
Planta 5:[0][0][0][0][0][0][0][0][0][0]
Planta 6:[0][0][0][0][0][0][0][0][0][0]
Planta 7:[0][0][0][0][0][0][0][0][0][0]
Planta 8:[0][0][0][0][0][0][0][0][0][0]
Planta 9:[0][0][0][0][0][0][0][0][0][0]
SALIDA: Coche 1 en planta 2 - plaza 2 saliendo... Plazas libres en la planta: 900 
Parking:
Planta 0:[0][107][107][110][110][0][0][0][0][0]
Planta 1:[0][0][0][0][111][111][0][0][0][0]
Planta 2:[109][109][0][113][113][0][0][0][0][0]
Planta 3:[0][0][0][0][0][0][0][0][0][0]
Planta 4:[0][0][0][0][0][0][0][0][0][0]
Planta 5:[0][0][0][0][0][0][0][0][0][0]
Planta 6:[0][0][0][0][0][0][0][0][0][0]
Planta 7:[0][0][0][0][0][0][0][0][0][0]
Planta 8:[0][0][0][0][0][0][0][0][0][0]
Planta 9:[0][0][0][0][0][0][0][0][0][0]
SALIDA: Camion 110 en planta 0 - plaza 3 y plaza 4 saliendo... Plazas libres en la planta: 920 
Parking:
Planta 0:[0][107][107][0][0][0][0][0][0][0]
Planta 1:[0][0][0][0][111][111][0][0][0][0]
Planta 2:[109][109][0][113][113][0][0][0][0][0]
Planta 3:[0][0][0][0][0][0][0][0][0][0]
Planta 4:[0][0][0][0][0][0][0][0][0][0]
Planta 5:[0][0][0][0][0][0][0][0][0][0]
Planta 6:[0][0][0][0][0][0][0][0][0][0]
Planta 7:[0][0][0][0][0][0][0][0][0][0]
Planta 8:[0][0][0][0][0][0][0][0][0][0]
Planta 9:[0][0][0][0][0][0][0][0][0][0]
SALIDA: Camion 107 en planta 0 - plaza 1 y plaza 2 saliendo... Plazas libres en la planta: 940 
Parking:
Planta 0:[0][0][0][0][0][0][0][0][0][0]
Planta 1:[0][0][0][0][111][111][0][0][0][0]
Planta 2:[109][109][0][113][113][0][0][0][0][0]
Planta 3:[0][0][0][0][0][0][0][0][0][0]
Planta 4:[0][0][0][0][0][0][0][0][0][0]
Planta 5:[0][0][0][0][0][0][0][0][0][0]
Planta 6:[0][0][0][0][0][0][0][0][0][0]
Planta 7:[0][0][0][0][0][0][0][0][0][0]
Planta 8:[0][0][0][0][0][0][0][0][0][0]
Planta 9:[0][0][0][0][0][0][0][0][0][0]
SALIDA: Camion 109 en planta 2 - plaza 0 y plaza 1 saliendo... Plazas libres en la planta: 960 
Parking:
Planta 0:[0][0][0][0][0][0][0][0][0][0]
Planta 1:[0][0][0][0][111][111][0][0][0][0]
Planta 2:[0][0][0][113][113][0][0][0][0][0]
Planta 3:[0][0][0][0][0][0][0][0][0][0]
Planta 4:[0][0][0][0][0][0][0][0][0][0]
Planta 5:[0][0][0][0][0][0][0][0][0][0]
Planta 6:[0][0][0][0][0][0][0][0][0][0]
Planta 7:[0][0][0][0][0][0][0][0][0][0]
Planta 8:[0][0][0][0][0][0][0][0][0][0]
Planta 9:[0][0][0][0][0][0][0][0][0][0]
SALIDA: Camion 111 en planta 1 - plaza 4 y plaza 5 saliendo... Plazas libres en la planta: 980 
Parking:
Planta 0:[0][0][0][0][0][0][0][0][0][0]
Planta 1:[0][0][0][0][0][0][0][0][0][0]
Planta 2:[0][0][0][113][113][0][0][0][0][0]
Planta 3:[0][0][0][0][0][0][0][0][0][0]
Planta 4:[0][0][0][0][0][0][0][0][0][0]
Planta 5:[0][0][0][0][0][0][0][0][0][0]
Planta 6:[0][0][0][0][0][0][0][0][0][0]
Planta 7:[0][0][0][0][0][0][0][0][0][0]
Planta 8:[0][0][0][0][0][0][0][0][0][0]
Planta 9:[0][0][0][0][0][0][0][0][0][0]
SALIDA: Camion 113 en planta 2 - plaza 3 y plaza 4 saliendo... Plazas libres en la planta: 1000 
Parking:
Planta 0:[0][0][0][0][0][0][0][0][0][0]
Planta 1:[0][0][0][0][0][0][0][0][0][0]
Planta 2:[0][0][0][0][0][0][0][0][0][0]
Planta 3:[0][0][0][0][0][0][0][0][0][0]
Planta 4:[0][0][0][0][0][0][0][0][0][0]
Planta 5:[0][0][0][0][0][0][0][0][0][0]
Planta 6:[0][0][0][0][0][0][0][0][0][0]
Planta 7:[0][0][0][0][0][0][0][0][0][0]
Planta 8:[0][0][0][0][0][0][0][0][0][0]
Planta 9:[0][0][0][0][0][0][0][0][0][0]
ENTRADA: Coche 3 aparca en planta 0 - plaza 0. Plazas libres en la planta: 9 
Parking:
Planta 0:[3][0][0][0][0][0][0][0][0][0]
Planta 1:[0][0][0][0][0][0][0][0][0][0]
Planta 2:[0][0][0][0][0][0][0][0][0][0]
Planta 3:[0][0][0][0][0][0][0][0][0][0]
Planta 4:[0][0][0][0][0][0][0][0][0][0]
Planta 5:[0][0][0][0][0][0][0][0][0][0]
Planta 6:[0][0][0][0][0][0][0][0][0][0]
Planta 7:[0][0][0][0][0][0][0][0][0][0]
Planta 8:[0][0][0][0][0][0][0][0][0][0]
Planta 9:[0][0][0][0][0][0][0][0][0][0]
ENTRADA: Camion 112 aparca en planta 0 - plaza 1 y plaza 2. Plazas libres en la planta: 7 
Parking:
Planta 0:[3][112][112][0][0][0][0][0][0][0]
Planta 1:[0][0][0][0][0][0][0][0][0][0]
Planta 2:[0][0][0][0][0][0][0][0][0][0]
Planta 3:[0][0][0][0][0][0][0][0][0][0]
Planta 4:[0][0][0][0][0][0][0][0][0][0]
Planta 5:[0][0][0][0][0][0][0][0][0][0]
Planta 6:[0][0][0][0][0][0][0][0][0][0]
Planta 7:[0][0][0][0][0][0][0][0][0][0]
Planta 8:[0][0][0][0][0][0][0][0][0][0]
Planta 9:[0][0][0][0][0][0][0][0][0][0]
ENTRADA: Camion 106 aparca en planta 0 - plaza 3 y plaza 4. Plazas libres en la planta: 5 
Parking:
Planta 0:[3][112][112][106][106][0][0][0][0][0]
Planta 1:[0][0][0][0][0][0][0][0][0][0]
Planta 2:[0][0][0][0][0][0][0][0][0][0]
Planta 3:[0][0][0][0][0][0][0][0][0][0]
Planta 4:[0][0][0][0][0][0][0][0][0][0]
Planta 5:[0][0][0][0][0][0][0][0][0][0]
Planta 6:[0][0][0][0][0][0][0][0][0][0]
Planta 7:[0][0][0][0][0][0][0][0][0][0]
Planta 8:[0][0][0][0][0][0][0][0][0][0]
Planta 9:[0][0][0][0][0][0][0][0][0][0]
ENTRADA: Camion 114 aparca en planta 0 - plaza 5 y plaza 6. Plazas libres en la planta: 3 
Parking:
Planta 0:[3][112][112][106][106][114][114][0][0][0]
Planta 1:[0][0][0][0][0][0][0][0][0][0]
Planta 2:[0][0][0][0][0][0][0][0][0][0]
Planta 3:[0][0][0][0][0][0][0][0][0][0]
Planta 4:[0][0][0][0][0][0][0][0][0][0]
Planta 5:[0][0][0][0][0][0][0][0][0][0]
Planta 6:[0][0][0][0][0][0][0][0][0][0]
Planta 7:[0][0][0][0][0][0][0][0][0][0]
Planta 8:[0][0][0][0][0][0][0][0][0][0]
Planta 9:[0][0][0][0][0][0][0][0][0][0]
ENTRADA: Coche 5 aparca en planta 0 - plaza 7. Plazas libres en la planta: 2 
Parking:
Planta 0:[3][112][112][106][106][114][114][5][0][0]
Planta 1:[0][0][0][0][0][0][0][0][0][0]
Planta 2:[0][0][0][0][0][0][0][0][0][0]
Planta 3:[0][0][0][0][0][0][0][0][0][0]
Planta 4:[0][0][0][0][0][0][0][0][0][0]
Planta 5:[0][0][0][0][0][0][0][0][0][0]
Planta 6:[0][0][0][0][0][0][0][0][0][0]
Planta 7:[0][0][0][0][0][0][0][0][0][0]
Planta 8:[0][0][0][0][0][0][0][0][0][0]
Planta 9:[0][0][0][0][0][0][0][0][0][0]
ENTRADA: Coche 2 aparca en planta 0 - plaza 8. Plazas libres en la planta: 1 
Parking:
Planta 0:[3][112][112][106][106][114][114][5][2][0]
Planta 1:[0][0][0][0][0][0][0][0][0][0]
Planta 2:[0][0][0][0][0][0][0][0][0][0]
Planta 3:[0][0][0][0][0][0][0][0][0][0]
Planta 4:[0][0][0][0][0][0][0][0][0][0]
Planta 5:[0][0][0][0][0][0][0][0][0][0]
Planta 6:[0][0][0][0][0][0][0][0][0][0]
Planta 7:[0][0][0][0][0][0][0][0][0][0]
Planta 8:[0][0][0][0][0][0][0][0][0][0]
Planta 9:[0][0][0][0][0][0][0][0][0][0]
ENTRADA: Camion 108 aparca en planta 1 - plaza 0 y plaza 1. Plazas libres en la planta: 8 
Parking:
Planta 0:[3][112][112][106][106][114][114][5][2][0]
Planta 1:[108][108][0][0][0][0][0][0][0][0]
Planta 2:[0][0][0][0][0][0][0][0][0][0]
Planta 3:[0][0][0][0][0][0][0][0][0][0]
Planta 4:[0][0][0][0][0][0][0][0][0][0]
Planta 5:[0][0][0][0][0][0][0][0][0][0]
Planta 6:[0][0][0][0][0][0][0][0][0][0]
Planta 7:[0][0][0][0][0][0][0][0][0][0]
Planta 8:[0][0][0][0][0][0][0][0][0][0]
Planta 9:[0][0][0][0][0][0][0][0][0][0]
ENTRADA: Coche 4 aparca en planta 0 - plaza 9. Plazas libres en la planta: 0 
Parking:
Planta 0:[3][112][112][106][106][114][114][5][2][4]
Planta 1:[108][108][0][0][0][0][0][0][0][0]
Planta 2:[0][0][0][0][0][0][0][0][0][0]
Planta 3:[0][0][0][0][0][0][0][0][0][0]
Planta 4:[0][0][0][0][0][0][0][0][0][0]
Planta 5:[0][0][0][0][0][0][0][0][0][0]
Planta 6:[0][0][0][0][0][0][0][0][0][0]
Planta 7:[0][0][0][0][0][0][0][0][0][0]
Planta 8:[0][0][0][0][0][0][0][0][0][0]
Planta 9:[0][0][0][0][0][0][0][0][0][0]
ENTRADA: Coche 1 aparca en planta 1 - plaza 2. Plazas libres en la planta: 7 
Parking:
Planta 0:[3][112][112][106][106][114][114][5][2][4]
Planta 1:[108][108][1][0][0][0][0][0][0][0]
Planta 2:[0][0][0][0][0][0][0][0][0][0]
Planta 3:[0][0][0][0][0][0][0][0][0][0]
Planta 4:[0][0][0][0][0][0][0][0][0][0]
Planta 5:[0][0][0][0][0][0][0][0][0][0]
Planta 6:[0][0][0][0][0][0][0][0][0][0]
Planta 7:[0][0][0][0][0][0][0][0][0][0]
Planta 8:[0][0][0][0][0][0][0][0][0][0]
Planta 9:[0][0][0][0][0][0][0][0][0][0]
ENTRADA: Camion 110 aparca en planta 1 - plaza 3 y plaza 4. Plazas libres en la planta: 5 
Parking:
Planta 0:[3][112][112][106][106][114][114][5][2][4]
Planta 1:[108][108][1][110][110][0][0][0][0][0]
Planta 2:[0][0][0][0][0][0][0][0][0][0]
Planta 3:[0][0][0][0][0][0][0][0][0][0]
Planta 4:[0][0][0][0][0][0][0][0][0][0]
Planta 5:[0][0][0][0][0][0][0][0][0][0]
Planta 6:[0][0][0][0][0][0][0][0][0][0]
Planta 7:[0][0][0][0][0][0][0][0][0][0]
Planta 8:[0][0][0][0][0][0][0][0][0][0]
Planta 9:[0][0][0][0][0][0][0][0][0][0]
ENTRADA: Camion 113 aparca en planta 1 - plaza 5 y plaza 6. Plazas libres en la planta: 3 
Parking:
Planta 0:[3][112][112][106][106][114][114][5][2][4]
Planta 1:[108][108][1][110][110][113][113][0][0][0]
Planta 2:[0][0][0][0][0][0][0][0][0][0]
Planta 3:[0][0][0][0][0][0][0][0][0][0]
Planta 4:[0][0][0][0][0][0][0][0][0][0]
Planta 5:[0][0][0][0][0][0][0][0][0][0]
Planta 6:[0][0][0][0][0][0][0][0][0][0]
Planta 7:[0][0][0][0][0][0][0][0][0][0]
Planta 8:[0][0][0][0][0][0][0][0][0][0]
Planta 9:[0][0][0][0][0][0][0][0][0][0]
ENTRADA: Camion 109 aparca en planta 1 - plaza 7 y plaza 8. Plazas libres en la planta: 1 
Parking:
Planta 0:[3][112][112][106][106][114][114][5][2][4]
Planta 1:[108][108][1][110][110][113][113][109][109][0]
Planta 2:[0][0][0][0][0][0][0][0][0][0]
Planta 3:[0][0][0][0][0][0][0][0][0][0]
Planta 4:[0][0][0][0][0][0][0][0][0][0]
Planta 5:[0][0][0][0][0][0][0][0][0][0]
Planta 6:[0][0][0][0][0][0][0][0][0][0]
Planta 7:[0][0][0][0][0][0][0][0][0][0]
Planta 8:[0][0][0][0][0][0][0][0][0][0]
Planta 9:[0][0][0][0][0][0][0][0][0][0]
ENTRADA: Camion 111 aparca en planta 2 - plaza 0 y plaza 1. Plazas libres en la planta: 8 
Parking:
Planta 0:[3][112][112][106][106][114][114][5][2][4]
Planta 1:[108][108][1][110][110][113][113][109][109][0]
Planta 2:[111][111][0][0][0][0][0][0][0][0]
Planta 3:[0][0][0][0][0][0][0][0][0][0]
Planta 4:[0][0][0][0][0][0][0][0][0][0]
Planta 5:[0][0][0][0][0][0][0][0][0][0]
Planta 6:[0][0][0][0][0][0][0][0][0][0]
Planta 7:[0][0][0][0][0][0][0][0][0][0]
Planta 8:[0][0][0][0][0][0][0][0][0][0]
Planta 9:[0][0][0][0][0][0][0][0][0][0]
ENTRADA: Camion 115 aparca en planta 2 - plaza 2 y plaza 3. Plazas libres en la planta: 6 
Parking:
Planta 0:[3][112][112][106][106][114][114][5][2][4]
Planta 1:[108][108][1][110][110][113][113][109][109][0]
Planta 2:[111][111][115][115][0][0][0][0][0][0]
Planta 3:[0][0][0][0][0][0][0][0][0][0]
Planta 4:[0][0][0][0][0][0][0][0][0][0]
Planta 5:[0][0][0][0][0][0][0][0][0][0]
Planta 6:[0][0][0][0][0][0][0][0][0][0]
Planta 7:[0][0][0][0][0][0][0][0][0][0]
Planta 8:[0][0][0][0][0][0][0][0][0][0]
Planta 9:[0][0][0][0][0][0][0][0][0][0]
ENTRADA: Camion 107 aparca en planta 2 - plaza 4 y plaza 5. Plazas libres en la planta: 4 
Parking:
Planta 0:[3][112][112][106][106][114][114][5][2][4]
Planta 1:[108][108][1][110][110][113][113][109][109][0]
Planta 2:[111][111][115][115][107][107][0][0][0][0]
Planta 3:[0][0][0][0][0][0][0][0][0][0]
Planta 4:[0][0][0][0][0][0][0][0][0][0]
Planta 5:[0][0][0][0][0][0][0][0][0][0]
Planta 6:[0][0][0][0][0][0][0][0][0][0]
Planta 7:[0][0][0][0][0][0][0][0][0][0]
Planta 8:[0][0][0][0][0][0][0][0][0][0]
Planta 9:[0][0][0][0][0][0][0][0][0][0]
SALIDA: Coche 3 en planta 0 - plaza 0 saliendo... Plazas libres en la planta: 760 
Parking:
Planta 0:[0][112][112][106][106][114][114][5][2][4]
Planta 1:[108][108][1][110][110][113][113][109][109][0]
Planta 2:[111][111][115][115][107][107][0][0][0][0]
Planta 3:[0][0][0][0][0][0][0][0][0][0]
Planta 4:[0][0][0][0][0][0][0][0][0][0]
Planta 5:[0][0][0][0][0][0][0][0][0][0]
Planta 6:[0][0][0][0][0][0][0][0][0][0]
Planta 7:[0][0][0][0][0][0][0][0][0][0]
Planta 8:[0][0][0][0][0][0][0][0][0][0]
Planta 9:[0][0][0][0][0][0][0][0][0][0]
SALIDA: Camion 112 en planta 0 - plaza 1 y plaza 2 saliendo... Plazas libres en la planta: 780 
Parking:
Planta 0:[0][0][0][106][106][114][114][5][2][4]
Planta 1:[108][108][1][110][110][113][113][109][109][0]
Planta 2:[111][111][115][115][107][107][0][0][0][0]
Planta 3:[0][0][0][0][0][0][0][0][0][0]
Planta 4:[0][0][0][0][0][0][0][0][0][0]
Planta 5:[0][0][0][0][0][0][0][0][0][0]
Planta 6:[0][0][0][0][0][0][0][0][0][0]
Planta 7:[0][0][0][0][0][0][0][0][0][0]
Planta 8:[0][0][0][0][0][0][0][0][0][0]
Planta 9:[0][0][0][0][0][0][0][0][0][0]
SALIDA: Camion 106 en planta 0 - plaza 3 y plaza 4 saliendo... Plazas libres en la planta: 800 
Parking:
Planta 0:[0][0][0][0][0][114][114][5][2][4]
Planta 1:[108][108][1][110][110][113][113][109][109][0]
Planta 2:[111][111][115][115][107][107][0][0][0][0]
Planta 3:[0][0][0][0][0][0][0][0][0][0]
Planta 4:[0][0][0][0][0][0][0][0][0][0]
Planta 5:[0][0][0][0][0][0][0][0][0][0]
Planta 6:[0][0][0][0][0][0][0][0][0][0]
Planta 7:[0][0][0][0][0][0][0][0][0][0]
Planta 8:[0][0][0][0][0][0][0][0][0][0]
Planta 9:[0][0][0][0][0][0][0][0][0][0]
SALIDA: Camion 114 en planta 0 - plaza 5 y plaza 6 saliendo... Plazas libres en la planta: 820 
Parking:
Planta 0:[0][0][0][0][0][0][0][5][2][4]
Planta 1:[108][108][1][110][110][113][113][109][109][0]
Planta 2:[111][111][115][115][107][107][0][0][0][0]
Planta 3:[0][0][0][0][0][0][0][0][0][0]
Planta 4:[0][0][0][0][0][0][0][0][0][0]
Planta 5:[0][0][0][0][0][0][0][0][0][0]
Planta 6:[0][0][0][0][0][0][0][0][0][0]
Planta 7:[0][0][0][0][0][0][0][0][0][0]
Planta 8:[0][0][0][0][0][0][0][0][0][0]
Planta 9:[0][0][0][0][0][0][0][0][0][0]
SALIDA: Coche 5 en planta 0 - plaza 7 saliendo... Plazas libres en la planta: 830 
Parking:
Planta 0:[0][0][0][0][0][0][0][0][2][4]
Planta 1:[108][108][1][110][110][113][113][109][109][0]
Planta 2:[111][111][115][115][107][107][0][0][0][0]
Planta 3:[0][0][0][0][0][0][0][0][0][0]
Planta 4:[0][0][0][0][0][0][0][0][0][0]
Planta 5:[0][0][0][0][0][0][0][0][0][0]
Planta 6:[0][0][0][0][0][0][0][0][0][0]
Planta 7:[0][0][0][0][0][0][0][0][0][0]
Planta 8:[0][0][0][0][0][0][0][0][0][0]
Planta 9:[0][0][0][0][0][0][0][0][0][0]
SALIDA: Camion 108 en planta 1 - plaza 0 y plaza 1 saliendo... Plazas libres en la planta: 850 
Parking:
Planta 0:[0][0][0][0][0][0][0][0][2][4]
Planta 1:[0][0][1][110][110][113][113][109][109][0]
Planta 2:[111][111][115][115][107][107][0][0][0][0]
Planta 3:[0][0][0][0][0][0][0][0][0][0]
Planta 4:[0][0][0][0][0][0][0][0][0][0]
Planta 5:[0][0][0][0][0][0][0][0][0][0]
Planta 6:[0][0][0][0][0][0][0][0][0][0]
Planta 7:[0][0][0][0][0][0][0][0][0][0]
Planta 8:[0][0][0][0][0][0][0][0][0][0]
Planta 9:[0][0][0][0][0][0][0][0][0][0]
SALIDA: Coche 2 en planta 0 - plaza 8 saliendo... Plazas libres en la planta: 860 
Parking:
Planta 0:[0][0][0][0][0][0][0][0][0][4]
Planta 1:[0][0][1][110][110][113][113][109][109][0]
Planta 2:[111][111][115][115][107][107][0][0][0][0]
Planta 3:[0][0][0][0][0][0][0][0][0][0]
Planta 4:[0][0][0][0][0][0][0][0][0][0]
Planta 5:[0][0][0][0][0][0][0][0][0][0]
Planta 6:[0][0][0][0][0][0][0][0][0][0]
Planta 7:[0][0][0][0][0][0][0][0][0][0]
Planta 8:[0][0][0][0][0][0][0][0][0][0]
Planta 9:[0][0][0][0][0][0][0][0][0][0]
SALIDA: Coche 1 en planta 1 - plaza 2 saliendo... Plazas libres en la planta: 870 
Parking:
Planta 0:[0][0][0][0][0][0][0][0][0][4]
Planta 1:[0][0][0][110][110][113][113][109][109][0]
Planta 2:[111][111][115][115][107][107][0][0][0][0]
Planta 3:[0][0][0][0][0][0][0][0][0][0]
Planta 4:[0][0][0][0][0][0][0][0][0][0]
Planta 5:[0][0][0][0][0][0][0][0][0][0]
Planta 6:[0][0][0][0][0][0][0][0][0][0]
Planta 7:[0][0][0][0][0][0][0][0][0][0]
Planta 8:[0][0][0][0][0][0][0][0][0][0]
Planta 9:[0][0][0][0][0][0][0][0][0][0]
SALIDA: Coche 4 en planta 0 - plaza 9 saliendo... Plazas libres en la planta: 880 
Parking:
Planta 0:[0][0][0][0][0][0][0][0][0][0]
Planta 1:[0][0][0][110][110][113][113][109][109][0]
Planta 2:[111][111][115][115][107][107][0][0][0][0]
Planta 3:[0][0][0][0][0][0][0][0][0][0]
Planta 4:[0][0][0][0][0][0][0][0][0][0]
Planta 5:[0][0][0][0][0][0][0][0][0][0]
Planta 6:[0][0][0][0][0][0][0][0][0][0]
Planta 7:[0][0][0][0][0][0][0][0][0][0]
Planta 8:[0][0][0][0][0][0][0][0][0][0]
Planta 9:[0][0][0][0][0][0][0][0][0][0]
SALIDA: Camion 110 en planta 1 - plaza 3 y plaza 4 saliendo... Plazas libres en la planta: 900 
Parking:
Planta 0:[0][0][0][0][0][0][0][0][0][0]
Planta 1:[0][0][0][0][0][113][113][109][109][0]
Planta 2:[111][111][115][115][107][107][0][0][0][0]
Planta 3:[0][0][0][0][0][0][0][0][0][0]
Planta 4:[0][0][0][0][0][0][0][0][0][0]
Planta 5:[0][0][0][0][0][0][0][0][0][0]
Planta 6:[0][0][0][0][0][0][0][0][0][0]
Planta 7:[0][0][0][0][0][0][0][0][0][0]
Planta 8:[0][0][0][0][0][0][0][0][0][0]
Planta 9:[0][0][0][0][0][0][0][0][0][0]
SALIDA: Camion 109 en planta 1 - plaza 7 y plaza 8 saliendo... Plazas libres en la planta: 920 
Parking:
Planta 0:[0][0][0][0][0][0][0][0][0][0]
Planta 1:[0][0][0][0][0][113][113][0][0][0]
Planta 2:[111][111][115][115][107][107][0][0][0][0]
Planta 3:[0][0][0][0][0][0][0][0][0][0]
Planta 4:[0][0][0][0][0][0][0][0][0][0]
Planta 5:[0][0][0][0][0][0][0][0][0][0]
Planta 6:[0][0][0][0][0][0][0][0][0][0]
Planta 7:[0][0][0][0][0][0][0][0][0][0]
Planta 8:[0][0][0][0][0][0][0][0][0][0]
Planta 9:[0][0][0][0][0][0][0][0][0][0]
SALIDA: Camion 111 en planta 2 - plaza 0 y plaza 1 saliendo... Plazas libres en la planta: 940 
Parking:
Planta 0:[0][0][0][0][0][0][0][0][0][0]
Planta 1:[0][0][0][0][0][113][113][0][0][0]
Planta 2:[0][0][115][115][107][107][0][0][0][0]
Planta 3:[0][0][0][0][0][0][0][0][0][0]
Planta 4:[0][0][0][0][0][0][0][0][0][0]
Planta 5:[0][0][0][0][0][0][0][0][0][0]
Planta 6:[0][0][0][0][0][0][0][0][0][0]
Planta 7:[0][0][0][0][0][0][0][0][0][0]
Planta 8:[0][0][0][0][0][0][0][0][0][0]
Planta 9:[0][0][0][0][0][0][0][0][0][0]
SALIDA: Camion 113 en planta 1 - plaza 5 y plaza 6 saliendo... Plazas libres en la planta: 960 
Parking:
Planta 0:[0][0][0][0][0][0][0][0][0][0]
Planta 1:[0][0][0][0][0][0][0][0][0][0]
Planta 2:[0][0][115][115][107][107][0][0][0][0]
Planta 3:[0][0][0][0][0][0][0][0][0][0]
Planta 4:[0][0][0][0][0][0][0][0][0][0]
Planta 5:[0][0][0][0][0][0][0][0][0][0]
Planta 6:[0][0][0][0][0][0][0][0][0][0]
Planta 7:[0][0][0][0][0][0][0][0][0][0]
Planta 8:[0][0][0][0][0][0][0][0][0][0]
Planta 9:[0][0][0][0][0][0][0][0][0][0]
SALIDA: Camion 107 en planta 2 - plaza 4 y plaza 5 saliendo... Plazas libres en la planta: 980 
Parking:
Planta 0:[0][0][0][0][0][0][0][0][0][0]
Planta 1:[0][0][0][0][0][0][0][0][0][0]
Planta 2:[0][0][115][115][0][0][0][0][0][0]
Planta 3:[0][0][0][0][0][0][0][0][0][0]
Planta 4:[0][0][0][0][0][0][0][0][0][0]
Planta 5:[0][0][0][0][0][0][0][0][0][0]
Planta 6:[0][0][0][0][0][0][0][0][0][0]
Planta 7:[0][0][0][0][0][0][0][0][0][0]
Planta 8:[0][0][0][0][0][0][0][0][0][0]
Planta 9:[0][0][0][0][0][0][0][0][0][0]
SALIDA: Camion 115 en planta 2 - plaza 2 y plaza 3 saliendo... Plazas libres en la planta: 1000 
Parking:
Planta 0:[0][0][0][0][0][0][0][0][0][0]
Planta 1:[0][0][0][0][0][0][0][0][0][0]
Planta 2:[0][0][0][0][0][0][0][0][0][0]
Planta 3:[0][0][0][0][0][0][0][0][0][0]
Planta 4:[0][0][0][0][0][0][0][0][0][0]
Planta 5:[0][0][0][0][0][0][0][0][0][0]
Planta 6:[0][0][0][0][0][0][0][0][0][0]
Planta 7:[0][0][0][0][0][0][0][0][0][0]
Planta 8:[0][0][0][0][0][0][0][0][0][0]
Planta 9:[0][0][0][0][0][0][0][0][0][0]
ENTRADA: Coche 3 aparca en planta 0 - plaza 0. Plazas libres en la planta: 9 
Parking:
Planta 0:[3][0][0][0][0][0][0][0][0][0]
Planta 1:[0][0][0][0][0][0][0][0][0][0]
Planta 2:[0][0][0][0][0][0][0][0][0][0]
Planta 3:[0][0][0][0][0][0][0][0][0][0]
Planta 4:[0][0][0][0][0][0][0][0][0][0]
Planta 5:[0][0][0][0][0][0][0][0][0][0]
Planta 6:[0][0][0][0][0][0][0][0][0][0]
Planta 7:[0][0][0][0][0][0][0][0][0][0]
Planta 8:[0][0][0][0][0][0][0][0][0][0]
Planta 9:[0][0][0][0][0][0][0][0][0][0]
ENTRADA: Camion 112 aparca en planta 0 - plaza 1 y plaza 2. Plazas libres en la planta: 7 
Parking:
Planta 0:[3][112][112][0][0][0][0][0][0][0]
Planta 1:[0][0][0][0][0][0][0][0][0][0]
Planta 2:[0][0][0][0][0][0][0][0][0][0]
Planta 3:[0][0][0][0][0][0][0][0][0][0]
Planta 4:[0][0][0][0][0][0][0][0][0][0]
Planta 5:[0][0][0][0][0][0][0][0][0][0]
Planta 6:[0][0][0][0][0][0][0][0][0][0]
Planta 7:[0][0][0][0][0][0][0][0][0][0]
Planta 8:[0][0][0][0][0][0][0][0][0][0]
Planta 9:[0][0][0][0][0][0][0][0][0][0]
ENTRADA: Camion 106 aparca en planta 0 - plaza 3 y plaza 4. Plazas libres en la planta: 5 
Parking:
Planta 0:[3][112][112][106][106][0][0][0][0][0]
Planta 1:[0][0][0][0][0][0][0][0][0][0]
Planta 2:[0][0][0][0][0][0][0][0][0][0]
Planta 3:[0][0][0][0][0][0][0][0][0][0]
Planta 4:[0][0][0][0][0][0][0][0][0][0]
Planta 5:[0][0][0][0][0][0][0][0][0][0]
Planta 6:[0][0][0][0][0][0][0][0][0][0]
Planta 7:[0][0][0][0][0][0][0][0][0][0]
Planta 8:[0][0][0][0][0][0][0][0][0][0]
Planta 9:[0][0][0][0][0][0][0][0][0][0]
ENTRADA: Camion 114 aparca en planta 0 - plaza 5 y plaza 6. Plazas libres en la planta: 3 
Parking:
Planta 0:[3][112][112][106][106][114][114][0][0][0]
Planta 1:[0][0][0][0][0][0][0][0][0][0]
Planta 2:[0][0][0][0][0][0][0][0][0][0]
Planta 3:[0][0][0][0][0][0][0][0][0][0]
Planta 4:[0][0][0][0][0][0][0][0][0][0]
Planta 5:[0][0][0][0][0][0][0][0][0][0]
Planta 6:[0][0][0][0][0][0][0][0][0][0]
Planta 7:[0][0][0][0][0][0][0][0][0][0]
Planta 8:[0][0][0][0][0][0][0][0][0][0]
Planta 9:[0][0][0][0][0][0][0][0][0][0]
ENTRADA: Coche 5 aparca en planta 0 - plaza 7. Plazas libres en la planta: 2 
Parking:
Planta 0:[3][112][112][106][106][114][114][5][0][0]
Planta 1:[0][0][0][0][0][0][0][0][0][0]
Planta 2:[0][0][0][0][0][0][0][0][0][0]
Planta 3:[0][0][0][0][0][0][0][0][0][0]
Planta 4:[0][0][0][0][0][0][0][0][0][0]
Planta 5:[0][0][0][0][0][0][0][0][0][0]
Planta 6:[0][0][0][0][0][0][0][0][0][0]
Planta 7:[0][0][0][0][0][0][0][0][0][0]
Planta 8:[0][0][0][0][0][0][0][0][0][0]
Planta 9:[0][0][0][0][0][0][0][0][0][0]
ENTRADA: Camion 108 aparca en planta 0 - plaza 8 y plaza 9. Plazas libres en la planta: 0 
Parking:
Planta 0:[3][112][112][106][106][114][114][5][108][108]
Planta 1:[0][0][0][0][0][0][0][0][0][0]
Planta 2:[0][0][0][0][0][0][0][0][0][0]
Planta 3:[0][0][0][0][0][0][0][0][0][0]
Planta 4:[0][0][0][0][0][0][0][0][0][0]
Planta 5:[0][0][0][0][0][0][0][0][0][0]
Planta 6:[0][0][0][0][0][0][0][0][0][0]
Planta 7:[0][0][0][0][0][0][0][0][0][0]
Planta 8:[0][0][0][0][0][0][0][0][0][0]
Planta 9:[0][0][0][0][0][0][0][0][0][0]
ENTRADA: Coche 1 aparca en planta 1 - plaza 0. Plazas libres en la planta: 9 
Parking:
Planta 0:[3][112][112][106][106][114][114][5][108][108]
Planta 1:[1][0][0][0][0][0][0][0][0][0]
Planta 2:[0][0][0][0][0][0][0][0][0][0]
Planta 3:[0][0][0][0][0][0][0][0][0][0]
Planta 4:[0][0][0][0][0][0][0][0][0][0]
Planta 5:[0][0][0][0][0][0][0][0][0][0]
Planta 6:[0][0][0][0][0][0][0][0][0][0]
Planta 7:[0][0][0][0][0][0][0][0][0][0]
Planta 8:[0][0][0][0][0][0][0][0][0][0]
Planta 9:[0][0][0][0][0][0][0][0][0][0]
ENTRADA: Coche 2 aparca en planta 1 - plaza 1. Plazas libres en la planta: 8 
Parking:
Planta 0:[3][112][112][106][106][114][114][5][108][108]
Planta 1:[1][2][0][0][0][0][0][0][0][0]
Planta 2:[0][0][0][0][0][0][0][0][0][0]
Planta 3:[0][0][0][0][0][0][0][0][0][0]
Planta 4:[0][0][0][0][0][0][0][0][0][0]
Planta 5:[0][0][0][0][0][0][0][0][0][0]
Planta 6:[0][0][0][0][0][0][0][0][0][0]
Planta 7:[0][0][0][0][0][0][0][0][0][0]
Planta 8:[0][0][0][0][0][0][0][0][0][0]
Planta 9:[0][0][0][0][0][0][0][0][0][0]
ENTRADA: Coche 4 aparca en planta 1 - plaza 2. Plazas libres en la planta: 7 
Parking:
Planta 0:[3][112][112][106][106][114][114][5][108][108]
Planta 1:[1][2][4][0][0][0][0][0][0][0]
Planta 2:[0][0][0][0][0][0][0][0][0][0]
Planta 3:[0][0][0][0][0][0][0][0][0][0]
Planta 4:[0][0][0][0][0][0][0][0][0][0]
Planta 5:[0][0][0][0][0][0][0][0][0][0]
Planta 6:[0][0][0][0][0][0][0][0][0][0]
Planta 7:[0][0][0][0][0][0][0][0][0][0]
Planta 8:[0][0][0][0][0][0][0][0][0][0]
Planta 9:[0][0][0][0][0][0][0][0][0][0]
ENTRADA: Camion 110 aparca en planta 1 - plaza 3 y plaza 4. Plazas libres en la planta: 5 
Parking:
Planta 0:[3][112][112][106][106][114][114][5][108][108]
Planta 1:[1][2][4][110][110][0][0][0][0][0]
Planta 2:[0][0][0][0][0][0][0][0][0][0]
Planta 3:[0][0][0][0][0][0][0][0][0][0]
Planta 4:[0][0][0][0][0][0][0][0][0][0]
Planta 5:[0][0][0][0][0][0][0][0][0][0]
Planta 6:[0][0][0][0][0][0][0][0][0][0]
Planta 7:[0][0][0][0][0][0][0][0][0][0]
Planta 8:[0][0][0][0][0][0][0][0][0][0]
Planta 9:[0][0][0][0][0][0][0][0][0][0]
ENTRADA: Camion 109 aparca en planta 1 - plaza 5 y plaza 6. Plazas libres en la planta: 3 
Parking:
Planta 0:[3][112][112][106][106][114][114][5][108][108]
Planta 1:[1][2][4][110][110][109][109][0][0][0]
Planta 2:[0][0][0][0][0][0][0][0][0][0]
Planta 3:[0][0][0][0][0][0][0][0][0][0]
Planta 4:[0][0][0][0][0][0][0][0][0][0]
Planta 5:[0][0][0][0][0][0][0][0][0][0]
Planta 6:[0][0][0][0][0][0][0][0][0][0]
Planta 7:[0][0][0][0][0][0][0][0][0][0]
Planta 8:[0][0][0][0][0][0][0][0][0][0]
Planta 9:[0][0][0][0][0][0][0][0][0][0]
ENTRADA: Camion 111 aparca en planta 1 - plaza 7 y plaza 8. Plazas libres en la planta: 1 
Parking:
Planta 0:[3][112][112][106][106][114][114][5][108][108]
Planta 1:[1][2][4][110][110][109][109][111][111][0]
Planta 2:[0][0][0][0][0][0][0][0][0][0]
Planta 3:[0][0][0][0][0][0][0][0][0][0]
Planta 4:[0][0][0][0][0][0][0][0][0][0]
Planta 5:[0][0][0][0][0][0][0][0][0][0]
Planta 6:[0][0][0][0][0][0][0][0][0][0]
Planta 7:[0][0][0][0][0][0][0][0][0][0]
Planta 8:[0][0][0][0][0][0][0][0][0][0]
Planta 9:[0][0][0][0][0][0][0][0][0][0]
ENTRADA: Camion 113 aparca en planta 2 - plaza 0 y plaza 1. Plazas libres en la planta: 8 
Parking:
Planta 0:[3][112][112][106][106][114][114][5][108][108]
Planta 1:[1][2][4][110][110][109][109][111][111][0]
Planta 2:[113][113][0][0][0][0][0][0][0][0]
Planta 3:[0][0][0][0][0][0][0][0][0][0]
Planta 4:[0][0][0][0][0][0][0][0][0][0]
Planta 5:[0][0][0][0][0][0][0][0][0][0]
Planta 6:[0][0][0][0][0][0][0][0][0][0]
Planta 7:[0][0][0][0][0][0][0][0][0][0]
Planta 8:[0][0][0][0][0][0][0][0][0][0]
Planta 9:[0][0][0][0][0][0][0][0][0][0]
ENTRADA: Camion 107 aparca en planta 2 - plaza 2 y plaza 3. Plazas libres en la planta: 6 
Parking:
Planta 0:[3][112][112][106][106][114][114][5][108][108]
Planta 1:[1][2][4][110][110][109][109][111][111][0]
Planta 2:[113][113][107][107][0][0][0][0][0][0]
Planta 3:[0][0][0][0][0][0][0][0][0][0]
Planta 4:[0][0][0][0][0][0][0][0][0][0]
Planta 5:[0][0][0][0][0][0][0][0][0][0]
Planta 6:[0][0][0][0][0][0][0][0][0][0]
Planta 7:[0][0][0][0][0][0][0][0][0][0]
Planta 8:[0][0][0][0][0][0][0][0][0][0]
Planta 9:[0][0][0][0][0][0][0][0][0][0]
ENTRADA: Camion 115 aparca en planta 2 - plaza 4 y plaza 5. Plazas libres en la planta: 4 
Parking:
Planta 0:[3][112][112][106][106][114][114][5][108][108]
Planta 1:[1][2][4][110][110][109][109][111][111][0]
Planta 2:[113][113][107][107][115][115][0][0][0][0]
Planta 3:[0][0][0][0][0][0][0][0][0][0]
Planta 4:[0][0][0][0][0][0][0][0][0][0]
Planta 5:[0][0][0][0][0][0][0][0][0][0]
Planta 6:[0][0][0][0][0][0][0][0][0][0]
Planta 7:[0][0][0][0][0][0][0][0][0][0]
Planta 8:[0][0][0][0][0][0][0][0][0][0]
Planta 9:[0][0][0][0][0][0][0][0][0][0]
SALIDA: Camion 112 en planta 0 - plaza 1 y plaza 2 saliendo... Plazas libres en la planta: 770 
Parking:
Planta 0:[3][0][0][106][106][114][114][5][108][108]
Planta 1:[1][2][4][110][110][109][109][111][111][0]
Planta 2:[113][113][107][107][115][115][0][0][0][0]
Planta 3:[0][0][0][0][0][0][0][0][0][0]
Planta 4:[0][0][0][0][0][0][0][0][0][0]
Planta 5:[0][0][0][0][0][0][0][0][0][0]
Planta 6:[0][0][0][0][0][0][0][0][0][0]
Planta 7:[0][0][0][0][0][0][0][0][0][0]
Planta 8:[0][0][0][0][0][0][0][0][0][0]
Planta 9:[0][0][0][0][0][0][0][0][0][0]
SALIDA: Coche 3 en planta 0 - plaza 0 saliendo... Plazas libres en la planta: 780 
Parking:
Planta 0:[0][0][0][106][106][114][114][5][108][108]
Planta 1:[1][2][4][110][110][109][109][111][111][0]
Planta 2:[113][113][107][107][115][115][0][0][0][0]
Planta 3:[0][0][0][0][0][0][0][0][0][0]
Planta 4:[0][0][0][0][0][0][0][0][0][0]
Planta 5:[0][0][0][0][0][0][0][0][0][0]
Planta 6:[0][0][0][0][0][0][0][0][0][0]
Planta 7:[0][0][0][0][0][0][0][0][0][0]
Planta 8:[0][0][0][0][0][0][0][0][0][0]
Planta 9:[0][0][0][0][0][0][0][0][0][0]
SALIDA: Camion 106 en planta 0 - plaza 3 y plaza 4 saliendo... Plazas libres en la planta: 800 
Parking:
Planta 0:[0][0][0][0][0][114][114][5][108][108]
Planta 1:[1][2][4][110][110][109][109][111][111][0]
Planta 2:[113][113][107][107][115][115][0][0][0][0]
Planta 3:[0][0][0][0][0][0][0][0][0][0]
Planta 4:[0][0][0][0][0][0][0][0][0][0]
Planta 5:[0][0][0][0][0][0][0][0][0][0]
Planta 6:[0][0][0][0][0][0][0][0][0][0]
Planta 7:[0][0][0][0][0][0][0][0][0][0]
Planta 8:[0][0][0][0][0][0][0][0][0][0]
Planta 9:[0][0][0][0][0][0][0][0][0][0]
SALIDA: Coche 5 en planta 0 - plaza 7 saliendo... Plazas libres en la planta: 810 
Parking:
Planta 0:[0][0][0][0][0][114][114][0][108][108]
Planta 1:[1][2][4][110][110][109][109][111][111][0]
Planta 2:[113][113][107][107][115][115][0][0][0][0]
Planta 3:[0][0][0][0][0][0][0][0][0][0]
Planta 4:[0][0][0][0][0][0][0][0][0][0]
Planta 5:[0][0][0][0][0][0][0][0][0][0]
Planta 6:[0][0][0][0][0][0][0][0][0][0]
Planta 7:[0][0][0][0][0][0][0][0][0][0]
Planta 8:[0][0][0][0][0][0][0][0][0][0]
Planta 9:[0][0][0][0][0][0][0][0][0][0]
SALIDA: Camion 114 en planta 0 - plaza 5 y plaza 6 saliendo... Plazas libres en la planta: 830 
Parking:
Planta 0:[0][0][0][0][0][0][0][0][108][108]
Planta 1:[1][2][4][110][110][109][109][111][111][0]
Planta 2:[113][113][107][107][115][115][0][0][0][0]
Planta 3:[0][0][0][0][0][0][0][0][0][0]
Planta 4:[0][0][0][0][0][0][0][0][0][0]
Planta 5:[0][0][0][0][0][0][0][0][0][0]
Planta 6:[0][0][0][0][0][0][0][0][0][0]
Planta 7:[0][0][0][0][0][0][0][0][0][0]
Planta 8:[0][0][0][0][0][0][0][0][0][0]
Planta 9:[0][0][0][0][0][0][0][0][0][0]
SALIDA: Coche 2 en planta 1 - plaza 1 saliendo... Plazas libres en la planta: 840 
Parking:
Planta 0:[0][0][0][0][0][0][0][0][108][108]
Planta 1:[1][0][4][110][110][109][109][111][111][0]
Planta 2:[113][113][107][107][115][115][0][0][0][0]
Planta 3:[0][0][0][0][0][0][0][0][0][0]
Planta 4:[0][0][0][0][0][0][0][0][0][0]
Planta 5:[0][0][0][0][0][0][0][0][0][0]
Planta 6:[0][0][0][0][0][0][0][0][0][0]
Planta 7:[0][0][0][0][0][0][0][0][0][0]
Planta 8:[0][0][0][0][0][0][0][0][0][0]
Planta 9:[0][0][0][0][0][0][0][0][0][0]
SALIDA: Coche 4 en planta 1 - plaza 2 saliendo... Plazas libres en la planta: 850 
Parking:
Planta 0:[0][0][0][0][0][0][0][0][108][108]
Planta 1:[1][0][0][110][110][109][109][111][111][0]
Planta 2:[113][113][107][107][115][115][0][0][0][0]
Planta 3:[0][0][0][0][0][0][0][0][0][0]
Planta 4:[0][0][0][0][0][0][0][0][0][0]
Planta 5:[0][0][0][0][0][0][0][0][0][0]
Planta 6:[0][0][0][0][0][0][0][0][0][0]
Planta 7:[0][0][0][0][0][0][0][0][0][0]
Planta 8:[0][0][0][0][0][0][0][0][0][0]
Planta 9:[0][0][0][0][0][0][0][0][0][0]
SALIDA: Coche 1 en planta 1 - plaza 0 saliendo... Plazas libres en la planta: 860 
Parking:
Planta 0:[0][0][0][0][0][0][0][0][108][108]
Planta 1:[0][0][0][110][110][109][109][111][111][0]
Planta 2:[113][113][107][107][115][115][0][0][0][0]
Planta 3:[0][0][0][0][0][0][0][0][0][0]
Planta 4:[0][0][0][0][0][0][0][0][0][0]
Planta 5:[0][0][0][0][0][0][0][0][0][0]
Planta 6:[0][0][0][0][0][0][0][0][0][0]
Planta 7:[0][0][0][0][0][0][0][0][0][0]
Planta 8:[0][0][0][0][0][0][0][0][0][0]
Planta 9:[0][0][0][0][0][0][0][0][0][0]
SALIDA: Camion 108 en planta 0 - plaza 8 y plaza 9 saliendo... Plazas libres en la planta: 880 
Parking:
Planta 0:[0][0][0][0][0][0][0][0][0][0]
Planta 1:[0][0][0][110][110][109][109][111][111][0]
Planta 2:[113][113][107][107][115][115][0][0][0][0]
Planta 3:[0][0][0][0][0][0][0][0][0][0]
Planta 4:[0][0][0][0][0][0][0][0][0][0]
Planta 5:[0][0][0][0][0][0][0][0][0][0]
Planta 6:[0][0][0][0][0][0][0][0][0][0]
Planta 7:[0][0][0][0][0][0][0][0][0][0]
Planta 8:[0][0][0][0][0][0][0][0][0][0]
Planta 9:[0][0][0][0][0][0][0][0][0][0]
SALIDA: Camion 110 en planta 1 - plaza 3 y plaza 4 saliendo... Plazas libres en la planta: 900 
Parking:
Planta 0:[0][0][0][0][0][0][0][0][0][0]
Planta 1:[0][0][0][0][0][109][109][111][111][0]
Planta 2:[113][113][107][107][115][115][0][0][0][0]
Planta 3:[0][0][0][0][0][0][0][0][0][0]
Planta 4:[0][0][0][0][0][0][0][0][0][0]
Planta 5:[0][0][0][0][0][0][0][0][0][0]
Planta 6:[0][0][0][0][0][0][0][0][0][0]
Planta 7:[0][0][0][0][0][0][0][0][0][0]
Planta 8:[0][0][0][0][0][0][0][0][0][0]
Planta 9:[0][0][0][0][0][0][0][0][0][0]
SALIDA: Camion 109 en planta 1 - plaza 5 y plaza 6 saliendo... Plazas libres en la planta: 920 
Parking:
Planta 0:[0][0][0][0][0][0][0][0][0][0]
Planta 1:[0][0][0][0][0][0][0][111][111][0]
Planta 2:[113][113][107][107][115][115][0][0][0][0]
Planta 3:[0][0][0][0][0][0][0][0][0][0]
Planta 4:[0][0][0][0][0][0][0][0][0][0]
Planta 5:[0][0][0][0][0][0][0][0][0][0]
Planta 6:[0][0][0][0][0][0][0][0][0][0]
Planta 7:[0][0][0][0][0][0][0][0][0][0]
Planta 8:[0][0][0][0][0][0][0][0][0][0]
Planta 9:[0][0][0][0][0][0][0][0][0][0]
SALIDA: Camion 111 en planta 1 - plaza 7 y plaza 8 saliendo... Plazas libres en la planta: 940 
Parking:
Planta 0:[0][0][0][0][0][0][0][0][0][0]
Planta 1:[0][0][0][0][0][0][0][0][0][0]
Planta 2:[113][113][107][107][115][115][0][0][0][0]
Planta 3:[0][0][0][0][0][0][0][0][0][0]
Planta 4:[0][0][0][0][0][0][0][0][0][0]
Planta 5:[0][0][0][0][0][0][0][0][0][0]
Planta 6:[0][0][0][0][0][0][0][0][0][0]
Planta 7:[0][0][0][0][0][0][0][0][0][0]
Planta 8:[0][0][0][0][0][0][0][0][0][0]
Planta 9:[0][0][0][0][0][0][0][0][0][0]
SALIDA: Camion 113 en planta 2 - plaza 0 y plaza 1 saliendo... Plazas libres en la planta: 960 
Parking:
Planta 0:[0][0][0][0][0][0][0][0][0][0]
Planta 1:[0][0][0][0][0][0][0][0][0][0]
Planta 2:[0][0][107][107][115][115][0][0][0][0]
Planta 3:[0][0][0][0][0][0][0][0][0][0]
Planta 4:[0][0][0][0][0][0][0][0][0][0]
Planta 5:[0][0][0][0][0][0][0][0][0][0]
Planta 6:[0][0][0][0][0][0][0][0][0][0]
Planta 7:[0][0][0][0][0][0][0][0][0][0]
Planta 8:[0][0][0][0][0][0][0][0][0][0]
Planta 9:[0][0][0][0][0][0][0][0][0][0]
SALIDA: Camion 107 en planta 2 - plaza 2 y plaza 3 saliendo... Plazas libres en la planta: 980 
Parking:
Planta 0:[0][0][0][0][0][0][0][0][0][0]
Planta 1:[0][0][0][0][0][0][0][0][0][0]
Planta 2:[0][0][0][0][115][115][0][0][0][0]
Planta 3:[0][0][0][0][0][0][0][0][0][0]
Planta 4:[0][0][0][0][0][0][0][0][0][0]
Planta 5:[0][0][0][0][0][0][0][0][0][0]
Planta 6:[0][0][0][0][0][0][0][0][0][0]
Planta 7:[0][0][0][0][0][0][0][0][0][0]
Planta 8:[0][0][0][0][0][0][0][0][0][0]
Planta 9:[0][0][0][0][0][0][0][0][0][0]
SALIDA: Camion 115 en planta 2 - plaza 4 y plaza 5 saliendo... Plazas libres en la planta: 1000 
Parking:
Planta 0:[0][0][0][0][0][0][0][0][0][0]
Planta 1:[0][0][0][0][0][0][0][0][0][0]
Planta 2:[0][0][0][0][0][0][0][0][0][0]
Planta 3:[0][0][0][0][0][0][0][0][0][0]
Planta 4:[0][0][0][0][0][0][0][0][0][0]
Planta 5:[0][0][0][0][0][0][0][0][0][0]
Planta 6:[0][0][0][0][0][0][0][0][0][0]
Planta 7:[0][0][0][0][0][0][0][0][0][0]
Planta 8:[0][0][0][0][0][0][0][0][0][0]
Planta 9:[0][0][0][0][0][0][0][0][0][0]
ENTRADA: Camion 112 aparca en planta 0 - plaza 0 y plaza 1. Plazas libres en la planta: 8 
Parking:
Planta 0:[112][112][0][0][0][0][0][0][0][0]
Planta 1:[0][0][0][0][0][0][0][0][0][0]
Planta 2:[0][0][0][0][0][0][0][0][0][0]
Planta 3:[0][0][0][0][0][0][0][0][0][0]
Planta 4:[0][0][0][0][0][0][0][0][0][0]
Planta 5:[0][0][0][0][0][0][0][0][0][0]
Planta 6:[0][0][0][0][0][0][0][0][0][0]
Planta 7:[0][0][0][0][0][0][0][0][0][0]
Planta 8:[0][0][0][0][0][0][0][0][0][0]
Planta 9:[0][0][0][0][0][0][0][0][0][0]
ENTRADA: Camion 106 aparca en planta 0 - plaza 2 y plaza 3. Plazas libres en la planta: 6 
Parking:
Planta 0:[112][112][106][106][0][0][0][0][0][0]
Planta 1:[0][0][0][0][0][0][0][0][0][0]
Planta 2:[0][0][0][0][0][0][0][0][0][0]
Planta 3:[0][0][0][0][0][0][0][0][0][0]
Planta 4:[0][0][0][0][0][0][0][0][0][0]
Planta 5:[0][0][0][0][0][0][0][0][0][0]
Planta 6:[0][0][0][0][0][0][0][0][0][0]
Planta 7:[0][0][0][0][0][0][0][0][0][0]
Planta 8:[0][0][0][0][0][0][0][0][0][0]
Planta 9:[0][0][0][0][0][0][0][0][0][0]
ENTRADA: Coche 5 aparca en planta 0 - plaza 4. Plazas libres en la planta: 5 
Parking:
Planta 0:[112][112][106][106][5][0][0][0][0][0]
Planta 1:[0][0][0][0][0][0][0][0][0][0]
Planta 2:[0][0][0][0][0][0][0][0][0][0]
Planta 3:[0][0][0][0][0][0][0][0][0][0]
Planta 4:[0][0][0][0][0][0][0][0][0][0]
Planta 5:[0][0][0][0][0][0][0][0][0][0]
Planta 6:[0][0][0][0][0][0][0][0][0][0]
Planta 7:[0][0][0][0][0][0][0][0][0][0]
Planta 8:[0][0][0][0][0][0][0][0][0][0]
Planta 9:[0][0][0][0][0][0][0][0][0][0]
ENTRADA: Coche 4 aparca en planta 0 - plaza 5. Plazas libres en la planta: 4 
Parking:
Planta 0:[112][112][106][106][5][4][0][0][0][0]
Planta 1:[0][0][0][0][0][0][0][0][0][0]
Planta 2:[0][0][0][0][0][0][0][0][0][0]
Planta 3:[0][0][0][0][0][0][0][0][0][0]
Planta 4:[0][0][0][0][0][0][0][0][0][0]
Planta 5:[0][0][0][0][0][0][0][0][0][0]
Planta 6:[0][0][0][0][0][0][0][0][0][0]
Planta 7:[0][0][0][0][0][0][0][0][0][0]
Planta 8:[0][0][0][0][0][0][0][0][0][0]
Planta 9:[0][0][0][0][0][0][0][0][0][0]
ENTRADA: Camion 108 aparca en planta 0 - plaza 6 y plaza 7. Plazas libres en la planta: 2 
Parking:
Planta 0:[112][112][106][106][5][4][108][108][0][0]
Planta 1:[0][0][0][0][0][0][0][0][0][0]
Planta 2:[0][0][0][0][0][0][0][0][0][0]
Planta 3:[0][0][0][0][0][0][0][0][0][0]
Planta 4:[0][0][0][0][0][0][0][0][0][0]
Planta 5:[0][0][0][0][0][0][0][0][0][0]
Planta 6:[0][0][0][0][0][0][0][0][0][0]
Planta 7:[0][0][0][0][0][0][0][0][0][0]
Planta 8:[0][0][0][0][0][0][0][0][0][0]
Planta 9:[0][0][0][0][0][0][0][0][0][0]
ENTRADA: Coche 1 aparca en planta 0 - plaza 8. Plazas libres en la planta: 1 
Parking:
Planta 0:[112][112][106][106][5][4][108][108][1][0]
Planta 1:[0][0][0][0][0][0][0][0][0][0]
Planta 2:[0][0][0][0][0][0][0][0][0][0]
Planta 3:[0][0][0][0][0][0][0][0][0][0]
Planta 4:[0][0][0][0][0][0][0][0][0][0]
Planta 5:[0][0][0][0][0][0][0][0][0][0]
Planta 6:[0][0][0][0][0][0][0][0][0][0]
Planta 7:[0][0][0][0][0][0][0][0][0][0]
Planta 8:[0][0][0][0][0][0][0][0][0][0]
Planta 9:[0][0][0][0][0][0][0][0][0][0]
ENTRADA: Coche 3 aparca en planta 0 - plaza 9. Plazas libres en la planta: 0 
Parking:
Planta 0:[112][112][106][106][5][4][108][108][1][3]
Planta 1:[0][0][0][0][0][0][0][0][0][0]
Planta 2:[0][0][0][0][0][0][0][0][0][0]
Planta 3:[0][0][0][0][0][0][0][0][0][0]
Planta 4:[0][0][0][0][0][0][0][0][0][0]
Planta 5:[0][0][0][0][0][0][0][0][0][0]
Planta 6:[0][0][0][0][0][0][0][0][0][0]
Planta 7:[0][0][0][0][0][0][0][0][0][0]
Planta 8:[0][0][0][0][0][0][0][0][0][0]
Planta 9:[0][0][0][0][0][0][0][0][0][0]
ENTRADA: Camion 114 aparca en planta 1 - plaza 0 y plaza 1. Plazas libres en la planta: 8 
Parking:
Planta 0:[112][112][106][106][5][4][108][108][1][3]
Planta 1:[114][114][0][0][0][0][0][0][0][0]
Planta 2:[0][0][0][0][0][0][0][0][0][0]
Planta 3:[0][0][0][0][0][0][0][0][0][0]
Planta 4:[0][0][0][0][0][0][0][0][0][0]
Planta 5:[0][0][0][0][0][0][0][0][0][0]
Planta 6:[0][0][0][0][0][0][0][0][0][0]
Planta 7:[0][0][0][0][0][0][0][0][0][0]
Planta 8:[0][0][0][0][0][0][0][0][0][0]
Planta 9:[0][0][0][0][0][0][0][0][0][0]
ENTRADA: Coche 2 aparca en planta 1 - plaza 2. Plazas libres en la planta: 7 
Parking:
Planta 0:[112][112][106][106][5][4][108][108][1][3]
Planta 1:[114][114][2][0][0][0][0][0][0][0]
Planta 2:[0][0][0][0][0][0][0][0][0][0]
Planta 3:[0][0][0][0][0][0][0][0][0][0]
Planta 4:[0][0][0][0][0][0][0][0][0][0]
Planta 5:[0][0][0][0][0][0][0][0][0][0]
Planta 6:[0][0][0][0][0][0][0][0][0][0]
Planta 7:[0][0][0][0][0][0][0][0][0][0]
Planta 8:[0][0][0][0][0][0][0][0][0][0]
Planta 9:[0][0][0][0][0][0][0][0][0][0]
ENTRADA: Camion 110 aparca en planta 1 - plaza 3 y plaza 4. Plazas libres en la planta: 5 
Parking:
Planta 0:[112][112][106][106][5][4][108][108][1][3]
Planta 1:[114][114][2][110][110][0][0][0][0][0]
Planta 2:[0][0][0][0][0][0][0][0][0][0]
Planta 3:[0][0][0][0][0][0][0][0][0][0]
Planta 4:[0][0][0][0][0][0][0][0][0][0]
Planta 5:[0][0][0][0][0][0][0][0][0][0]
Planta 6:[0][0][0][0][0][0][0][0][0][0]
Planta 7:[0][0][0][0][0][0][0][0][0][0]
Planta 8:[0][0][0][0][0][0][0][0][0][0]
Planta 9:[0][0][0][0][0][0][0][0][0][0]
ENTRADA: Camion 109 aparca en planta 1 - plaza 5 y plaza 6. Plazas libres en la planta: 3 
Parking:
Planta 0:[112][112][106][106][5][4][108][108][1][3]
Planta 1:[114][114][2][110][110][109][109][0][0][0]
Planta 2:[0][0][0][0][0][0][0][0][0][0]
Planta 3:[0][0][0][0][0][0][0][0][0][0]
Planta 4:[0][0][0][0][0][0][0][0][0][0]
Planta 5:[0][0][0][0][0][0][0][0][0][0]
Planta 6:[0][0][0][0][0][0][0][0][0][0]
Planta 7:[0][0][0][0][0][0][0][0][0][0]
Planta 8:[0][0][0][0][0][0][0][0][0][0]
Planta 9:[0][0][0][0][0][0][0][0][0][0]
ENTRADA: Camion 111 aparca en planta 1 - plaza 7 y plaza 8. Plazas libres en la planta: 1 
Parking:
Planta 0:[112][112][106][106][5][4][108][108][1][3]
Planta 1:[114][114][2][110][110][109][109][111][111][0]
Planta 2:[0][0][0][0][0][0][0][0][0][0]
Planta 3:[0][0][0][0][0][0][0][0][0][0]
Planta 4:[0][0][0][0][0][0][0][0][0][0]
Planta 5:[0][0][0][0][0][0][0][0][0][0]
Planta 6:[0][0][0][0][0][0][0][0][0][0]
Planta 7:[0][0][0][0][0][0][0][0][0][0]
Planta 8:[0][0][0][0][0][0][0][0][0][0]
Planta 9:[0][0][0][0][0][0][0][0][0][0]
ENTRADA: Camion 113 aparca en planta 2 - plaza 0 y plaza 1. Plazas libres en la planta: 8 
Parking:
Planta 0:[112][112][106][106][5][4][108][108][1][3]
Planta 1:[114][114][2][110][110][109][109][111][111][0]
Planta 2:[113][113][0][0][0][0][0][0][0][0]
Planta 3:[0][0][0][0][0][0][0][0][0][0]
Planta 4:[0][0][0][0][0][0][0][0][0][0]
Planta 5:[0][0][0][0][0][0][0][0][0][0]
Planta 6:[0][0][0][0][0][0][0][0][0][0]
Planta 7:[0][0][0][0][0][0][0][0][0][0]
Planta 8:[0][0][0][0][0][0][0][0][0][0]
Planta 9:[0][0][0][0][0][0][0][0][0][0]
ENTRADA: Camion 107 aparca en planta 2 - plaza 2 y plaza 3. Plazas libres en la planta: 6 
Parking:
Planta 0:[112][112][106][106][5][4][108][108][1][3]
Planta 1:[114][114][2][110][110][109][109][111][111][0]
Planta 2:[113][113][107][107][0][0][0][0][0][0]
Planta 3:[0][0][0][0][0][0][0][0][0][0]
Planta 4:[0][0][0][0][0][0][0][0][0][0]
Planta 5:[0][0][0][0][0][0][0][0][0][0]
Planta 6:[0][0][0][0][0][0][0][0][0][0]
Planta 7:[0][0][0][0][0][0][0][0][0][0]
Planta 8:[0][0][0][0][0][0][0][0][0][0]
Planta 9:[0][0][0][0][0][0][0][0][0][0]
ENTRADA: Camion 115 aparca en planta 2 - plaza 4 y plaza 5. Plazas libres en la planta: 4 
Parking:
Planta 0:[112][112][106][106][5][4][108][108][1][3]
Planta 1:[114][114][2][110][110][109][109][111][111][0]
Planta 2:[113][113][107][107][115][115][0][0][0][0]
Planta 3:[0][0][0][0][0][0][0][0][0][0]
Planta 4:[0][0][0][0][0][0][0][0][0][0]
Planta 5:[0][0][0][0][0][0][0][0][0][0]
Planta 6:[0][0][0][0][0][0][0][0][0][0]
Planta 7:[0][0][0][0][0][0][0][0][0][0]
Planta 8:[0][0][0][0][0][0][0][0][0][0]
Planta 9:[0][0][0][0][0][0][0][0][0][0]
SALIDA: Camion 112 en planta 0 - plaza 0 y plaza 1 saliendo... Plazas libres en la planta: 770 
Parking:
Planta 0:[0][0][106][106][5][4][108][108][1][3]
Planta 1:[114][114][2][110][110][109][109][111][111][0]
Planta 2:[113][113][107][107][115][115][0][0][0][0]
Planta 3:[0][0][0][0][0][0][0][0][0][0]
Planta 4:[0][0][0][0][0][0][0][0][0][0]
Planta 5:[0][0][0][0][0][0][0][0][0][0]
Planta 6:[0][0][0][0][0][0][0][0][0][0]
Planta 7:[0][0][0][0][0][0][0][0][0][0]
Planta 8:[0][0][0][0][0][0][0][0][0][0]
Planta 9:[0][0][0][0][0][0][0][0][0][0]
SALIDA: Camion 106 en planta 0 - plaza 2 y plaza 3 saliendo... Plazas libres en la planta: 790 
Parking:
Planta 0:[0][0][0][0][5][4][108][108][1][3]
Planta 1:[114][114][2][110][110][109][109][111][111][0]
Planta 2:[113][113][107][107][115][115][0][0][0][0]
Planta 3:[0][0][0][0][0][0][0][0][0][0]
Planta 4:[0][0][0][0][0][0][0][0][0][0]
Planta 5:[0][0][0][0][0][0][0][0][0][0]
Planta 6:[0][0][0][0][0][0][0][0][0][0]
Planta 7:[0][0][0][0][0][0][0][0][0][0]
Planta 8:[0][0][0][0][0][0][0][0][0][0]
Planta 9:[0][0][0][0][0][0][0][0][0][0]
SALIDA: Camion 108 en planta 0 - plaza 6 y plaza 7 saliendo... Plazas libres en la planta: 810 
Parking:
Planta 0:[0][0][0][0][5][4][0][0][1][3]
Planta 1:[114][114][2][110][110][109][109][111][111][0]
Planta 2:[113][113][107][107][115][115][0][0][0][0]
Planta 3:[0][0][0][0][0][0][0][0][0][0]
Planta 4:[0][0][0][0][0][0][0][0][0][0]
Planta 5:[0][0][0][0][0][0][0][0][0][0]
Planta 6:[0][0][0][0][0][0][0][0][0][0]
Planta 7:[0][0][0][0][0][0][0][0][0][0]
Planta 8:[0][0][0][0][0][0][0][0][0][0]
Planta 9:[0][0][0][0][0][0][0][0][0][0]
SALIDA: Coche 4 en planta 0 - plaza 5 saliendo... Plazas libres en la planta: 820 
Parking:
Planta 0:[0][0][0][0][5][0][0][0][1][3]
Planta 1:[114][114][2][110][110][109][109][111][111][0]
Planta 2:[113][113][107][107][115][115][0][0][0][0]
Planta 3:[0][0][0][0][0][0][0][0][0][0]
Planta 4:[0][0][0][0][0][0][0][0][0][0]
Planta 5:[0][0][0][0][0][0][0][0][0][0]
Planta 6:[0][0][0][0][0][0][0][0][0][0]
Planta 7:[0][0][0][0][0][0][0][0][0][0]
Planta 8:[0][0][0][0][0][0][0][0][0][0]
Planta 9:[0][0][0][0][0][0][0][0][0][0]
SALIDA: Coche 5 en planta 0 - plaza 4 saliendo... Plazas libres en la planta: 830 
Parking:
Planta 0:[0][0][0][0][0][0][0][0][1][3]
Planta 1:[114][114][2][110][110][109][109][111][111][0]
Planta 2:[113][113][107][107][115][115][0][0][0][0]
Planta 3:[0][0][0][0][0][0][0][0][0][0]
Planta 4:[0][0][0][0][0][0][0][0][0][0]
Planta 5:[0][0][0][0][0][0][0][0][0][0]
Planta 6:[0][0][0][0][0][0][0][0][0][0]
Planta 7:[0][0][0][0][0][0][0][0][0][0]
Planta 8:[0][0][0][0][0][0][0][0][0][0]
Planta 9:[0][0][0][0][0][0][0][0][0][0]
SALIDA: Coche 1 en planta 0 - plaza 8 saliendo... Plazas libres en la planta: 840 
Parking:
Planta 0:[0][0][0][0][0][0][0][0][0][3]
Planta 1:[114][114][2][110][110][109][109][111][111][0]
Planta 2:[113][113][107][107][115][115][0][0][0][0]
Planta 3:[0][0][0][0][0][0][0][0][0][0]
Planta 4:[0][0][0][0][0][0][0][0][0][0]
Planta 5:[0][0][0][0][0][0][0][0][0][0]
Planta 6:[0][0][0][0][0][0][0][0][0][0]
Planta 7:[0][0][0][0][0][0][0][0][0][0]
Planta 8:[0][0][0][0][0][0][0][0][0][0]
Planta 9:[0][0][0][0][0][0][0][0][0][0]
SALIDA: Coche 3 en planta 0 - plaza 9 saliendo... Plazas libres en la planta: 850 
Parking:
Planta 0:[0][0][0][0][0][0][0][0][0][0]
Planta 1:[114][114][2][110][110][109][109][111][111][0]
Planta 2:[113][113][107][107][115][115][0][0][0][0]
Planta 3:[0][0][0][0][0][0][0][0][0][0]
Planta 4:[0][0][0][0][0][0][0][0][0][0]
Planta 5:[0][0][0][0][0][0][0][0][0][0]
Planta 6:[0][0][0][0][0][0][0][0][0][0]
Planta 7:[0][0][0][0][0][0][0][0][0][0]
Planta 8:[0][0][0][0][0][0][0][0][0][0]
Planta 9:[0][0][0][0][0][0][0][0][0][0]
SALIDA: Camion 110 en planta 1 - plaza 3 y plaza 4 saliendo... Plazas libres en la planta: 870 
Parking:
Planta 0:[0][0][0][0][0][0][0][0][0][0]
Planta 1:[114][114][2][0][0][109][109][111][111][0]
Planta 2:[113][113][107][107][115][115][0][0][0][0]
Planta 3:[0][0][0][0][0][0][0][0][0][0]
Planta 4:[0][0][0][0][0][0][0][0][0][0]
Planta 5:[0][0][0][0][0][0][0][0][0][0]
Planta 6:[0][0][0][0][0][0][0][0][0][0]
Planta 7:[0][0][0][0][0][0][0][0][0][0]
Planta 8:[0][0][0][0][0][0][0][0][0][0]
Planta 9:[0][0][0][0][0][0][0][0][0][0]
SALIDA: Camion 114 en planta 1 - plaza 0 y plaza 1 saliendo... Plazas libres en la planta: 890 
Parking:
Planta 0:[0][0][0][0][0][0][0][0][0][0]
Planta 1:[0][0][2][0][0][109][109][111][111][0]
Planta 2:[113][113][107][107][115][115][0][0][0][0]
Planta 3:[0][0][0][0][0][0][0][0][0][0]
Planta 4:[0][0][0][0][0][0][0][0][0][0]
Planta 5:[0][0][0][0][0][0][0][0][0][0]
Planta 6:[0][0][0][0][0][0][0][0][0][0]
Planta 7:[0][0][0][0][0][0][0][0][0][0]
Planta 8:[0][0][0][0][0][0][0][0][0][0]
Planta 9:[0][0][0][0][0][0][0][0][0][0]
SALIDA: Coche 2 en planta 1 - plaza 2 saliendo... Plazas libres en la planta: 900 
Parking:
Planta 0:[0][0][0][0][0][0][0][0][0][0]
Planta 1:[0][0][0][0][0][109][109][111][111][0]
Planta 2:[113][113][107][107][115][115][0][0][0][0]
Planta 3:[0][0][0][0][0][0][0][0][0][0]
Planta 4:[0][0][0][0][0][0][0][0][0][0]
Planta 5:[0][0][0][0][0][0][0][0][0][0]
Planta 6:[0][0][0][0][0][0][0][0][0][0]
Planta 7:[0][0][0][0][0][0][0][0][0][0]
Planta 8:[0][0][0][0][0][0][0][0][0][0]
Planta 9:[0][0][0][0][0][0][0][0][0][0]
SALIDA: Camion 109 en planta 1 - plaza 5 y plaza 6 saliendo... Plazas libres en la planta: 920 
Parking:
Planta 0:[0][0][0][0][0][0][0][0][0][0]
Planta 1:[0][0][0][0][0][0][0][111][111][0]
Planta 2:[113][113][107][107][115][115][0][0][0][0]
Planta 3:[0][0][0][0][0][0][0][0][0][0]
Planta 4:[0][0][0][0][0][0][0][0][0][0]
Planta 5:[0][0][0][0][0][0][0][0][0][0]
Planta 6:[0][0][0][0][0][0][0][0][0][0]
Planta 7:[0][0][0][0][0][0][0][0][0][0]
Planta 8:[0][0][0][0][0][0][0][0][0][0]
Planta 9:[0][0][0][0][0][0][0][0][0][0]
SALIDA: Camion 113 en planta 2 - plaza 0 y plaza 1 saliendo... Plazas libres en la planta: 940 
Parking:
Planta 0:[0][0][0][0][0][0][0][0][0][0]
Planta 1:[0][0][0][0][0][0][0][111][111][0]
Planta 2:[0][0][107][107][115][115][0][0][0][0]
Planta 3:[0][0][0][0][0][0][0][0][0][0]
Planta 4:[0][0][0][0][0][0][0][0][0][0]
Planta 5:[0][0][0][0][0][0][0][0][0][0]
Planta 6:[0][0][0][0][0][0][0][0][0][0]
Planta 7:[0][0][0][0][0][0][0][0][0][0]
Planta 8:[0][0][0][0][0][0][0][0][0][0]
Planta 9:[0][0][0][0][0][0][0][0][0][0]
SALIDA: Camion 111 en planta 1 - plaza 7 y plaza 8 saliendo... Plazas libres en la planta: 960 
Parking:
Planta 0:[0][0][0][0][0][0][0][0][0][0]
Planta 1:[0][0][0][0][0][0][0][0][0][0]
Planta 2:[0][0][107][107][115][115][0][0][0][0]
Planta 3:[0][0][0][0][0][0][0][0][0][0]
Planta 4:[0][0][0][0][0][0][0][0][0][0]
Planta 5:[0][0][0][0][0][0][0][0][0][0]
Planta 6:[0][0][0][0][0][0][0][0][0][0]
Planta 7:[0][0][0][0][0][0][0][0][0][0]
Planta 8:[0][0][0][0][0][0][0][0][0][0]
Planta 9:[0][0][0][0][0][0][0][0][0][0]
SALIDA: Camion 115 en planta 2 - plaza 4 y plaza 5 saliendo... Plazas libres en la planta: 980 
Parking:
Planta 0:[0][0][0][0][0][0][0][0][0][0]
Planta 1:[0][0][0][0][0][0][0][0][0][0]
Planta 2:[0][0][107][107][0][0][0][0][0][0]
Planta 3:[0][0][0][0][0][0][0][0][0][0]
Planta 4:[0][0][0][0][0][0][0][0][0][0]
Planta 5:[0][0][0][0][0][0][0][0][0][0]
Planta 6:[0][0][0][0][0][0][0][0][0][0]
Planta 7:[0][0][0][0][0][0][0][0][0][0]
Planta 8:[0][0][0][0][0][0][0][0][0][0]
Planta 9:[0][0][0][0][0][0][0][0][0][0]
SALIDA: Camion 107 en planta 2 - plaza 2 y plaza 3 saliendo... Plazas libres en la planta: 1000 
Parking:
Planta 0:[0][0][0][0][0][0][0][0][0][0]
Planta 1:[0][0][0][0][0][0][0][0][0][0]
Planta 2:[0][0][0][0][0][0][0][0][0][0]
Planta 3:[0][0][0][0][0][0][0][0][0][0]
Planta 4:[0][0][0][0][0][0][0][0][0][0]
Planta 5:[0][0][0][0][0][0][0][0][0][0]
Planta 6:[0][0][0][0][0][0][0][0][0][0]
Planta 7:[0][0][0][0][0][0][0][0][0][0]
Planta 8:[0][0][0][0][0][0][0][0][0][0]
Planta 9:[0][0][0][0][0][0][0][0][0][0]
